### GLOBAL TIMES:
10358058
3749261
2074806
3572921
2619900
3141771
1716378
3736721
6346590
3631982
4699014
3737358
4380296
3681094
1978831
2496681
1307214
1225802
1623196
1534495
2598314
1495220
1701963
2153005
2670936
1648276
9695491
2414645
1547995
1213280
1106579
1138209
2693012
1176242
1356268
2028460
1801310
4260698
2979931
1904830
1767654
2458004
1472806
1469749
1828909
3564700
1610974
1317826
2711397
2736183
1978710
2217943
1514430
1608884
1526995
3288245
2498494
2407288
4703699
2896070
3170920
3264366
1764759
3593904
8509903
6306156
2335804
6245989
6425833
2550599
1384642
1305580
1927782
1258456
1187884
1149843
1581395
1122330
1658203
1377204
1450305
2134218
1695215
1764107
4549467
3314188
3519861
3088533
1735317
1682238
1716143
1847426
1784687
1775715
3012283
2382291
2270585
1917822
1747070
2315928
1730273
2203696
1797889
1593096
3047544
2442836
1478605
2091903
2152760
6946935
1591318
1618902
1863987
4694502
2870173
1739220
1486083
2284142
1810678
1387920
1225267
1983137
1605705
1134322
1643305
1081367
1907505
1819918
1144940
1203796
1309091
1130148
1061599
1220505
1714841
1667165
1273653
1001368
1449440
1293643
1364567
1479817
1374659
1180029
1966202
1561713
1733325
7282631
2087408
3338400
1225473
2365341
1658082
1861217
3689687
1513956
1305746
1328646
1077991
1194929
1023670
1115993
1073008
2093755
1516014
1122017
968306
1592297
1699669
3131953
2652580
1049026
1240419
1046159
1100970
986496
952365
1318879
1416548
1109026
980102
1733183
972708
1050848
1016154
1173108
1061611
992818
927880
1180166
1006177
2926643
1948715
2370217
1789889
2004766
1578534
1872387
1494976
1345604
1087103
1287069
1103176
1192640
1037665
1043257
1156298
1482390
1942489
1224360
1184288
1155466
1722527
1290663
1838513
2490120
1583763
1161436
2674540
1443603
3581199
2745624
1097330
1944833
1532665
1118437
1151984
2011951
1491796
1807044
1777406
1108969
1193534
1300683
1097155
1291385
1102368
1002741
1081846
1120369
1015169
1030465
2819107
1821152
1617385
1208174
1254194
1154517
1160705
1079959
1077121
1243213
1230291
1104908
1957641
2482717
2700574
1903349
1370495
1338593
1179304
1216907
1787277
1503749
1181280
1490124
2122406
2034259
3577933
1037417
1131382
1583774
1959358
1832901
1741095
1260803
1238242
1106500
1178958
1024190
1199177
1536111
1100902
1092443
1556001
1086499
1206261
1160259
2013503
3691627
1149861
2522538
1544027
1114265
4360280
1069130
3056668
1152930
1114980
1476894
1170946
1076165
1230458
1341537
1171073
2188264
1160934
1356699
1252747
1458889
1119992
1174319
1203154
2030010
3382547
1216516
2471121
1262814
1297846
2997378
1462582
1467107
2116233
1220688
2152395
1170519
1164217
1736977
1208452
1224923
1307840
1381434
1042268
1978790
1342011
1241399
2239712
1146822
1295341
1428152
1170688
1538979
1403012
1589727
1151291
1178359
1754209
1212151
1699841
1099992
1134947
10854679
2001270
1798963
1290010
1479130
1319740
1119244
1098678
3406928
1114038
7493924
8006312
8668451
7314010
3449142
2644907
15027284
19165216
8856379
5340931
2931928
2305955
3403342
4451570
7810146
10373989
12545292
45092031
7044579
7570311
10311660
3964436
8628469
8549741
7085687
7713243
3369094
1658939
1362067
1161722
1784106
1331889
1193203
1359956
1347041
1110284
1283957
1299097
1152869
1142969
1631195
1412943
1309388
1366770
1316079
1390138
3112900
2084036
2222693
1991721
2150981
2077148
2222375
2142965
2509611
1803220
1846005
1672817
1628497
1778466
1813092
3199085
1517991
1591981
3125379
1415091
1329388
1906663
1409377
1504798
1397421
1324660
1247239
1248017
3192958
2375066
1974481
7637775
5076854
1998331
2249973
1854238
1215117
1434811
1271060
1302732
1417401
1387588
1150673
1202476
11518043
1681321
1583725
1405290
1682904
1976865
1857039
1280906
2210213
1653814
1321867
1356263
1245334
1319052
5731995
2335350
1877937
2328594
1896732
2028758
1658833
2097269
1453264
1558666
1522081
1335856
1406155
1660928
1154993
2419409
1486471
1497707
1557010
1506166
1518477
1221005
1566565
2129244
3090624
1634063
1594791
1497735
1650467
2680326
1534482
3920269
1342865
6494635
1857551
2044838
2009634
1668686
1338172
1422954
1358177
1287407
1325928
1210014
1337751
1350050
2636669
1592522
1545686
1374385
1833226
1371007
1426500
1283222
2652640
1395047
1377311
1239738
1287249
1500459
1416750
1351362
1306548
1223041
2287231
2172021
2923755
1471229
1279479
1359595
1411038
1455063
1369405
1430958
1306645
3959880
2191131
2124568
1466467
1332022
1440223
1294061
1236241
1325026
6709604
24595902
6409376
6700904
7723288
4935191
6419036
5635283
5517032
15866851
1946735
1349650
1423559
2451651
1739234
1908543
1343573
1798288
1359056
2242771
2125883
1694790
1362206
1531712
1635171
1308912
1786609
1401340
8931332
2030443
2513870
1748555
1991297
1560113
1631999
1290453
1711817
3140117
2743853
1574502
1671799
1987306
1299875
1443100
1509546
1883969
1307536
1277554
4125406
1732470
1540931
1489081
1391034
1360457
1328245
1350993
1843096
1509279
1321664
1622242
1373227
1412135
9637688
9997332
6612467
5400295
7380699
6094507
10192600
8540298
2072952
1491823
1354119
1434192
1490444
1270579
1319161
1503725
7162247
2543613
2098322
4850818
2486804
2259366
2084865
2283396
1839062
2382068
2067746
1889878
2219087
2072369
1913111
2170459
1476080
1483402
1487125
1331419
1303927
1446042
1338236
1833125
1437469
1484100
1447003
1519676
1344419
1341631
2107056
1611100
1369391
1382057
1355571
1448694
1329735
1334670
3234360
2264643
2058307
1641394
1613229
1460814
1358526
1364215
1526074
1774965
2054561
1617114
1414888
1444879
1566724
1518660
1386000
3418109
1656172
1441951
1444852
1645369
1455912
1387489
1483335
1339444
1868084
1555070
1382370
1529600
1300716
1355885
1347136
1382765
1385970
1405809
2837612
2021539
2195745
9822729
7616167
5402409
10539289
7514648
8466039
2599034
1433874
1405375
1524450
1436980
1521108
1767179
1640219
1894938
1413019
5640709
4726513
1373788
1316803
1584599
1432823
1572830
1425889
1417509
9943682
1550405
3009838
11797890
5332231
9367779
6554273
9227901
9812725
11113144
5422498
1413802
13997514
1999089
1689277
1536269
1469028
1454832
1507644
1485505
1399877
1541532
1505423
2555157
3123092
2522011
1456955
1467267
1440787
1381455
1347472
1443670
3942868
2362379
2094497
1971723
1860282
2842883
8903512
3120931
2425962
2630261
3019542
2488113
2173915
1438728
1642209
1533812
1545335
1587444
1556248
1570603
1414354
2784432
2135660
2393784
2233990
1570746
1491700
1505597
1468710
1733429
1800690
1428056
1403006
1646849
1337099
1537166
2035327
1468837
1764364
1646267
5185744
2535340
1397345
1451178
10806479
8626158
5694688
15682019
8378738
8583846
7400745
6764584
2021972
1736662
1557886
1412997
1709486
1681651
1541521
1429301
1579180
2904026
1536874
1480296
1418266
1657183
1448711
1515205
1557407
3421977
1886484
2976220
2170711
1822466
2737693
5217936
2679285
2484388
1911279
6592876
2169555
3610422
3004669
5174688
2893307
2564225
2906414
2713731
3109594
3841525
2217843
9560937
2676940
2357130
2076202
2277077
2160232
1891407
2375038
2057400
2198411
1904227
2567983
2254696
2626248
1671915
2565118
2081287
1629044
1894899
1980447
1726709
5476839
1602312
9698638
2262432
3116984
2048036
1804270
2015825
1993962
8934477
2087971
1970953
2385415
5023245
3347675
2385260
2225246
11127759
1919041
6875605
1629913
2541626
1896420
2227889
1876247
1880543
1937290
1851794
1865503
3330276
2666583
2364008
1998859
2083678
1657837
1689606
1391799
1542424
1542144
1515286
1744579
3206291
2438132
1971604
2074897
4064254
2395980
2466869
1824898
2098596
3375961
8563405
3149263
2776974
3071223
1765211
1533734
1691574
1886084
2674768
1616520
1474137
1875742
1619071
2343045
2061595
1602663
1742188
1941343
1382182
1961815
1830831
1894037
1407829
1691783
1875388
1643744
4582057
2083064
2603576
2013683
2372405
2458627
7401551
3573976
3704938
1615495
1673752
2043076
1481908
1452093
1789697
1612624
2875271
1705460
1703868
1431171
1352254
1447313
1432715
1480218
1347955
2489772
1470605
1753110
1889696
1579799
1342104
1531029
1410285
2346442
1557477
1572020
1680509
1566463
2628304
1755056
1507605
3172603
2226936
2150077
1425629
2096670
1953890
1887129
1649289
1678144
1494181
1456224
1596873
2281146
3090368
2223960
1511467
1916278
1524104
1501686
1555611
3003868
2068868
5916967
2351956
1758223
2707969
1608241
2465411
1698320
1642371
1549148
1661619
1445123
1692801
1662239
1430581
3157047
6941856
2522010
2526001
2368444
2310709
3308047
2735642
2981128
2838262
8840490
8576859
2652400
7923779
4195144
16586175
1856102
1619553
1966587
1600624
4299038
1575180
1742440
3904540
1489257
1611914
1546929
1598130
1509534
1693853
2776603
2456845
2465419
2236595
1953305
2158134
1926208
1584982
1716763
1502987
1614934
1506793
1524236
1431920
1668870
1690443
2170220
2302732
1826329
1678331
1658182
1460090
1630525
1693267
1659378
1520433
2543782
2473368
1597226
1762446
1502801
1446221
1591067
1533671
1611139
1679104
2399617
1641877
1800182
1540043
1583320
1748164
1846212
1498450
1623190
1667774
2887613
2563737
2234819
2734415
1823114
1794760
1689842
1571161
1592512
1851651
1972709
1762134
1816970
1681987
1783928
2030284
2273176
1537733
1686637
1645521
1545533
1798275
1591894
1842239
1629195
1530062
1893590
1608763
1754358
1952094
1647612
2310988
1683247
1737194
1585780
1481895
1533031
1501740
1508691
1590652
10263863
2151733
2468235
1650656
1925619
1972419
1658845
1843573
8073336
2370259
5526124
4686823
7713605
4663326
3214552
2887445
1637949
1407208
1594844
1548156
13083031
10739424
10849189
3539864
7026289
12209038
9431709
3839327
12612051
14962409
36480769
21705958
26139739
16526555
8833402
8170018
7446245
7730612
7886774
6352425
1927804
2497941
8958210
2619118
7736485
2687665
1606903
1480800
1497162
1452720
1510193
1413926
2093532
1594327
1487993
1650213
1633779
1474257
2136694
1765123
1655408
1467777
1471316
1477367
1427284
1547763
1447306
6758826
10584512
2001138
2269315
1820829
2111404
2028140
2272983
2165554
1803467
1404006
1873497
2211883
2839320
3424849
3293649
1872811
1941361
1463449
1559994
1894066
1621581
1577782
1487284
1391626
2257594
1883505
1860300
2715368
1824325
1465831
1506258
1872099
1523569
1665044
2299116
2402987
1683309
1660272
1845622
1560877
1702634
1688051
1628947
1625807
1624927
1527000
1896307
3053746
2671582
1511635
2123032
1439210
2080398
1512657
1748334
1472424
2681810
2067730
2040992
2577858
8347916
1766281
1959748
1766646
1834364
1989065
1663829
1776826
1589070
1683927
4168307
3803011
2181420
1774166
1572583
1537158
1547415
1604933
1502770
1482326
1696974
1595983
2547864
2178257
1773963
1642930
1625965
1698074
1487165
1495966
1689456
1406838
2943357
2135006
1630692
1951763
1630973
2474816
1602933
2134075
1621118
3463035
4496919
5852864
5403453
2866000
1777660
1897855
1709763
1747731
1499331
1621395
2016208
1583728
1775535
1502777
1763001
1533653
1687251
1594922
2289017
15247786
1947033
1712443
1447505
1904241
2877155
1822268
1774121
1818451
1594345
1616978
1615295
1769544
2394753
3265830
2194192
2293839
2403678
9421176
5510677
5943034
7975009
6338350
1743007
1655251
1761865
1566451
1828261
7161034
2532625
5874407
1645436
2911926
1712427
2023840
1739186
4837882
1814519
3486810
1549824
1655068
1960292
2109305
3843763
1676284
2432563
1869676
3088372
2501987
4209332
1544948
1753586
12437514
9242363
14316012
9411267
10730622
7715482
9464024
8650219
6225234
18397396
9496762
11717547
11246695
9740975
11301523
14606455
8166948
8455852
3206736
7800882
8198427
9150717
6595133
8088615
9246425
7508433
20330229
13163048
8594556
2468674
4570467
2274697
3986974
1663044
1628886
1656392
1884047
1566894
3665001
1899106
2008683
1935861
1595503
1687034
1686991
2462807
1784514
1896469
1716721
1760683
1765084
1707105
1531038
1926084
1480677
1668872
1638542
1638635
2121914
1772034
1725647
1752734
2572449
2336599
2545273
2452765
2713742
1779020
1786466
2032112
2353650
2835552
2666109
1760019
1770207
1947716
1926261
1873185
1825512
2694410
3412840
2242364
1630025
3136629
1545782
1921969
2261152
3285110
3086239
3458896
2584635
2267713
2495985
2785773
9006607
2970807
3257005
1943960
2310182
2404188
3698738
2631026
1563590
1776299
2071523
4174741
2563241
2856587
2726290
2410239
2361549
2771231
2463043
1913977
2181703
1741319
1705806
1807078
2020882
1559232
1712083
1958862
1746759
1671234
2883576
1681915
1974865
1834868
1776122
1840248
1753329
2096622
1730814
1546082
1725499
1608048
2544277
1534501
1566844
1696360
1660037
1439477
1586481
1711194
1843584
1995271
1729540
1638955
1562161
1490226
1835956
1866245
1763827
2793673
3891733
2696482
1825656
4504001
4721074
4890396
5602874
3258706
1993565
1791303
1845934
5937493
1633810
1496331
1650345
2996847
1784404
2198962
1667521
1747733
1598028
1838332
1601412
1542930
1777433
2103141
1851111
1935658
2849358
2783528
2999222
3182736
2593379
2974380
2928321
4773077
6645730
4087254
9923080
16380611
17872274
3171307
2284842
1729597
1815345
3232065
1996831
2136753
1619104
1900311
2887596
2840592
2644136
2383031
3089265
1878076
1961600
1655285
1780070
1565559
1923079
1623909
5021604
5518207
3194553
2230669
2332298
1735696
1836610
1864066
1914627
1804413
1713253
1646573
1846508
1665397
11139172
2854034
2605744
2745358
2601234
1977945
1877561
1670107
1585508
1687981
1783315
1770128
3276282
3491889
12505181
3111523
10041518
5255772
2139128
8588416
5013012
1970041
5337160
14910649
2448127
2809375
2590783
4235832
3660632
2264398
2070746
2435729
1972118
2137791
1774626
10550658
12289399
9410096
2544165
2372996
2394063
2060571
8476320
10552716
11368960
19367724
13149182
2832262
3959961
2761739
2845952
2350373
1934270
2958119
4419909
2876799
1924763
1866645
1945507
1977343
1800505
3511320
2422267
3583854
2375228
3187944
3403643
2549999
3143836
2805337
3795044
2490384
4121685
3135810
2776213
2846861
3787546
### METHOD CALL TIMES:
157802
52484
98208
41390
40794
48030
45432
84109
992685
66008
42324
50800
41899
52391
33032
34460
31174
37809
32772
36323
42283
36617
35331
35457
32213
34822
2804118
99007
32594
72505
34025
34078
63073
39552
37620
65322
47277
44147
77034
56404
53975
70161
46151
38520
42066
66513
39454
40044
63064
45530
43731
42001
53932
81646
51317
61138
61079
81590
83650
82459
73046
118309
50011
86821
5282728
4011921
61866
3981422
4066432
91200
95174
48860
48713
45068
49950
46457
68644
54591
61390
60070
92159
259244
69047
65431
2348185
74849
69368
61294
58339
59281
64263
59772
66904
63373
1085672
72817
56807
71179
72330
72383
74064
64454
69925
69536
1220351
720643
48399
74867
62131
66540
62239
73495
148189
244041
66332
72628
61167
70450
75640
59712
60163
65049
65818
56249
62499
54670
78343
186868
57479
57050
58212
58397
52587
58327
115782
75680
57258
56317
74627
60811
60524
58938
66898
56496
778960
538150
487238
350775
61700
266514
73155
102500
115174
83184
93969
62449
66206
57761
56462
60351
56097
95850
101107
1010559
510140
58222
60539
544580
562128
938511
107233
81201
63255
62520
58972
60184
62299
78648
98522
68846
63492
90546
72494
69329
66868
109984
70933
64701
64564
68134
69974
134361
73931
98964
86495
85836
94666
72362
102020
75212
74983
73870
77594
73330
72617
72257
89003
109078
105690
71865
75306
88137
75757
68988
76844
84465
81971
81927
228936
91700
1961507
99228
79905
84691
83354
76930
67965
91309
98478
131823
115724
77850
98131
77921
91892
95599
74680
100071
77671
74843
72645
73961
1658368
645430
115308
82810
83196
79751
90788
78438
74597
78406
75459
76660
749014
775000
839014
118148
84722
80353
107861
82701
116014
88517
80536
143989
129248
128760
149254
79072
83799
115292
115884
100167
125207
124596
172682
110417
83229
81441
83879
146843
94267
94538
88354
82853
106412
84791
175771
458330
94619
231749
116574
92662
519323
96653
353347
100254
89940
100031
85979
90552
114861
102046
101857
266274
88921
99120
98009
89144
108047
98190
105546
103840
294909
106708
150990
93460
102010
236466
120363
102854
105225
93591
112625
94859
108002
146764
103998
105025
98873
123812
95998
187469
125235
108952
120202
102162
104490
112002
120135
170972
100136
152169
108232
117775
169047
118637
107072
98371
99590
9296125
729980
579395
103717
114662
104535
98093
99551
322253
103880
434651
1216911
510100
278807
153913
171112
593922
943916
906042
510286
168614
148696
136819
653442
171465
565481
770421
25972078
429134
458733
633111
186907
838439
552676
535746
685943
185143
144573
120918
112770
179118
207949
122513
117646
145442
112662
121645
114376
118094
115132
170976
156708
121826
117419
112323
122639
137661
129520
133287
146799
143145
117666
126957
136047
167671
122056
125943
140428
138180
169292
123383
317051
131272
151365
155542
139497
128662
211672
131340
130877
129616
116255
115951
121413
330570
159187
233488
624575
192744
153911
340383
179162
129926
165172
134968
126364
132026
127771
128863
142455
9527026
133488
131885
129351
131986
139978
225477
128935
272018
167029
134030
128026
136109
135674
231527
165367
150271
270524
162574
135059
144907
187932
153767
151412
140548
126368
146269
146537
122625
145551
149994
130790
127379
139286
131169
128230
126323
145005
214602
147055
154581
147003
159587
147840
143651
1870404
138136
137679
614590
711450
210651
184254
146240
141506
131213
135287
134987
139675
149445
137796
215837
154528
147967
142729
161850
138169
138280
138691
199623
161714
155925
143104
146386
226690
137108
137841
149694
148608
1004938
667988
380577
151894
166539
143690
140105
139720
148875
143452
174483
2448663
821113
212946
158120
147416
181350
153583
144121
144030
705910
687681
760340
213665
788988
608207
596766
590270
604629
10753204
193800
151702
153688
217375
171729
268633
151815
170377
145611
225818
230597
233267
152487
149844
157499
148313
145766
149414
7484641
683415
222202
243824
306990
165186
159360
158487
160421
228306
192409
161498
165539
168318
147231
156389
183722
192129
151130
157100
1116448
194438
167768
198945
167574
153662
153161
151638
231940
174753
161374
157069
156703
157478
958266
1178503
551564
642291
1087819
864589
665406
1253446
238517
175465
166484
161005
159509
155698
175509
165265
5147343
777820
613311
260567
195683
207293
195313
174278
191684
309701
223860
180703
213656
217640
302414
265772
182504
182518
172601
169724
160885
176752
180080
252565
189081
182032
175058
168071
167927
171645
270452
181359
183271
175161
166536
167402
176016
178696
1700699
743120
248718
248153
182097
176674
184069
184677
176347
181152
248995
186227
175920
195877
187728
203584
171059
266252
188422
188528
178285
173158
179930
189409
171912
179144
255635
195023
206392
179764
183544
181265
170849
193386
175384
177199
1237236
655598
754036
1009152
638773
303492
929246
1018225
864469
230436
192386
190550
183842
185578
198056
202825
192533
178542
178539
584789
524182
180262
178945
221398
179268
207018
188902
216344
760559
212622
281175
1457192
709695
920725
586698
1011341
1660043
1090170
643253
192580
9658069
270589
200411
191962
201431
212373
178647
194331
184226
199735
179805
223801
1012538
435302
199655
201391
193978
182592
186970
208450
230108
205933
189168
188249
198183
268764
231560
249533
275606
278669
304288
329118
205777
196467
188692
190811
190375
194268
190812
190949
195822
1188581
723631
874918
282943
210621
208722
200791
189770
224539
203827
231926
214623
312095
192217
194766
293116
215405
210860
229662
663577
574550
209886
198296
8814462
1121357
342027
2792837
954017
854465
1157962
964692
295565
219034
212947
198487
212900
207770
200427
204257
200735
294391
217377
228350
207604
217860
198898
200505
199403
386966
255312
580153
300884
229498
300760
376036
224438
329847
240593
769307
281661
335951
366112
293998
253895
272625
281345
254715
286760
551633
232502
7371213
1057759
247768
296326
223426
266227
205151
228425
308982
225746
307089
218864
284874
308225
224672
495303
344823
210378
217435
229400
260357
1392881
231211
8281344
346380
484684
290928
240584
286057
235032
680408
290217
340313
317013
334359
386760
270481
281084
282470
230400
1272122
245639
386096
290708
258070
266328
248680
253888
285130
238739
1481929
912229
338442
664109
314889
230089
252460
203863
213381
220669
237625
228771
253464
309694
260686
262905
475185
304277
329805
262137
294210
1416061
3173371
980868
917256
324582
236598
224113
234620
241910
347714
224734
226433
267752
215606
247617
267857
237516
238881
231519
220540
236615
262606
240650
222273
215623
235461
232775
315117
435515
364944
368570
358754
300650
1783761
1225437
1658185
259676
252117
365980
247532
232169
223167
225307
390768
249297
245442
244709
227063
220854
231363
246910
216253
426922
250451
273963
232362
228274
221747
228979
226517
344981
250223
251520
239688
232677
311180
242768
257582
1401979
769238
786586
235356
788550
657755
340614
254346
244822
243109
237962
231159
305050
397689
456207
273775
243712
254804
230423
231762
388134
268584
1236258
391447
358898
288660
250453
451878
258208
274266
237874
241378
232754
259401
256021
236134
1553337
327926
289665
264340
300900
263568
403197
420491
339627
306833
5660244
1336392
346610
1382142
878764
276865
275407
237372
236870
233193
2232674
262603
277792
280068
240963
272639
263237
268829
236839
244864
1154198
762978
901963
825190
658187
673773
306840
270362
254851
243924
246711
265129
241943
243799
261048
260852
823440
368626
270400
285669
279123
252399
246757
252380
251042
257722
819590
384783
271534
276432
254613
246833
269270
244115
253541
269207
371044
273385
272237
261698
263541
285026
284886
250135
250139
250835
1207342
885913
846927
377486
274135
280480
271046
264492
271161
274864
323419
280557
281831
268432
280093
367240
315657
286192
254366
270378
280376
281329
287690
276197
264530
257981
282565
255901
274405
265080
266501
384230
283063
338451
288288
261433
305197
276104
262104
283988
8625638
683710
410409
291829
278193
370579
277895
299241
1818678
303008
1113682
432052
1305902
846897
296269
1046612
265315
267777
271548
272872
1590456
993564
1544347
402009
501384
2248442
1617059
482070
1794555
1243906
23767459
11863678
16072253
6087316
1110561
1395491
838814
1060068
1304192
932152
330574
350457
2114727
520422
1865929
399831
300024
290026
293077
271872
296893
302792
412455
300219
303094
283619
308842
294199
408280
303844
287581
279872
291208
274134
277589
302180
276155
306602
8853100
703534
475213
333504
308596
304401
494611
373431
345405
280470
313048
326885
1090929
1173087
1313476
317113
288832
272624
275574
321679
295016
314634
296881
282632
870465
407686
342625
328395
289857
304615
283906
298913
279889
302447
302170
499188
315571
336182
323029
294486
335717
283885
360570
288174
312117
291771
310244
1646846
429772
312763
385465
293947
400738
313704
457594
288608
534961
355434
360907
576580
1366173
321830
326997
344776
345366
319026
324764
311028
345303
338269
1808688
1224522
439507
320146
301365
292373
296322
294895
309954
300069
307316
292604
948915
433494
322156
320795
312350
300317
294817
308574
294406
288223
1444966
357486
322695
310451
308147
342689
320337
387788
309310
566880
469306
1112838
1068592
918381
336070
352817
353046
321116
312355
311526
439548
327121
330697
312604
307575
320375
298816
303222
478871
405040
398727
301129
300571
317128
589824
340772
334411
328294
308766
310834
307346
313797
342377
1614388
746122
746034
799383
1818473
1193970
1259751
1322802
1506196
367146
337325
342061
323171
332262
1082948
384263
810965
334296
603058
319731
382471
371546
1141106
429529
1488987
315983
410956
372367
345843
519305
335029
428673
326697
493054
412573
510517
329273
343383
2612964
2146007
1837353
1676483
1598467
1174605
852666
3074137
664818
2118962
1811786
2058237
2558613
1695509
3632783
5562088
1485427
1352872
570926
1490905
1389739
1410947
1785363
1484983
1327017
1434053
13089328
5819704
653916
449073
956326
325972
1333810
336762
340972
346505
333108
338546
2320637
729073
439636
468875
349442
337500
320860
480534
363901
509676
353414
451548
409544
328707
345128
341870
328660
326175
343913
326661
373386
357390
451395
332646
492835
362988
487105
488653
409143
353945
365719
374706
496099
546500
472794
386599
336067
360817
379129
362045
393045
710716
600909
368861
395236
621852
335826
370875
429211
579194
567238
714169
506922
381920
510450
461585
1711540
1124965
1213805
435741
447297
481622
564265
558977
354980
343970
403581
1066643
1021495
1220150
865933
781008
980056
545493
469871
376361
514576
366156
334317
444341
484805
358962
339038
443607
361813
364112
679997
344767
362867
356083
363537
338670
356213
509663
425416
366321
372737
365463
1173354
332679
349744
390067
334648
333357
332574
332177
351512
498818
367459
349158
347169
351725
350663
391832
369038
715224
571372
462295
439666
565415
406870
1195064
2073106
518740
407966
441046
350403
350699
374268
352938
355015
522463
384267
394954
388922
357375
350207
355284
343327
351623
361970
510099
368018
377490
546845
540735
613766
809117
539448
515737
568646
2033483
2884855
1162522
4437798
1384791
2957556
775695
426689
376630
394443
583637
414674
472430
386561
389072
1272246
943477
1295152
916134
564026
473373
400977
383608
353497
344219
430176
359259
384947
1312944
1222451
781297
532623
396326
381882
404841
388993
380007
354281
370075
378403
406513
8938984
1217323
916567
937219
561790
402574
375877
397009
356857
401898
372289
364363
563864
559113
2518822
625384
706227
660519
461086
706691
725565
437186
1421397
9643870
800505
575518
542840
720253
1502107
404536
478230
508595
417000
524631
481158
1301142
2932704
1786915
583582
570769
605515
420904
2043641
2087820
2860894
9607149
3578864
1022033
1728773
1091869
980142
528746
408207
522849
948888
652496
501318
421806
492262
374447
401277
691095
479492
719191
411537
568660
670616
456023
580511
612077
809438
559165
583018
586137
561799
565700
756277
### ASPECT TIMES:
86202
9732
65807
9950
8619
11733
9633
31037
17790
11161
10679
14905
10848
20976
6753
6878
6057
7452
7246
7788
9645
7768
7530
8060
6337
7901
2769792
13462
6583
45873
6900
7321
9969
7491
6249
12509
6534
6096
28908
8075
7848
6412
6622
6116
6952
9513
5773
6186
11357
6545
6390
5428
5753
40066
6052
10505
10851
25687
13596
11176
10557
12685
7264
28442
5236074
3952912
9727
3920183
3970665
43636
54203
4539
4465
4766
5375
4906
7141
5593
7490
4954
14106
11506
7558
6340
2283579
13407
9898
8141
6391
7137
8064
7588
7747
8254
1028257
9427
6048
8745
7922
8814
8687
6159
7651
8040
1152419
656433
5447
10427
7768
8694
8360
7983
12734
24671
6807
7642
6679
9883
8071
4857
5957
6909
7237
5601
6370
5120
8038
112115
5869
5686
5488
5457
3924
4539
12458
8391
5974
5793
7837
6387
6284
5893
5328
4430
709863
480294
435758
40877
5605
35732
5841
9832
11921
8758
11087
6028
6171
5389
5461
5846
4999
8520
5549
918582
454212
4418
4520
487800
506835
864460
30631
23338
5072
5140
4942
4457
4881
7966
7820
5014
4844
7085
10072
4737
5189
9751
4798
4926
4530
5081
4780
6509
5228
8354
5329
6486
5270
5025
7739
5097
5845
4899
5247
4680
4719
5079
5722
7882
9082
4702
5201
20498
5136
5044
5165
6032
5872
7088
18510
7290
1871583
11494
6000
7808
6016
4613
4822
7442
5513
10117
8049
4799
12203
5304
5170
5369
4719
5363
5081
4382
4707
4879
1578279
562844
7998
6175
6428
5702
6049
5768
4988
5459
4752
5590
671758
669569
612579
9306
6347
5407
9369
5734
8934
6415
6124
12802
12026
11683
14717
4994
6085
9749
10513
7285
9226
7290
19058
6544
5742
5551
5570
7923
6553
7463
6383
5666
5976
5537
7270
31123
6551
68570
10784
6220
56916
5582
20325
6740
6682
8479
5659
5925
6107
6720
6632
14369
6312
7000
6630
5508
5975
6115
7154
6907
23922
7005
11893
5600
7977
19515
9984
6501
7042
5978
6976
5317
6350
9857
6631
6296
6401
9500
5918
12109
7461
6310
10187
6634
5827
6406
13281
12380
6320
9029
6413
7054
12259
6804
6552
5917
5831
9192785
608848
476147
6418
6777
6073
5487
6018
17771
6063
21481
51194
34049
36100
10718
12625
44203
78561
50248
33753
8966
7371
9709
106849
11714
30966
49522
23689854
30874
22005
36283
11078
42284
40420
38796
28992
22306
7063
7397
6212
10443
10741
5822
6024
7031
5596
5793
6230
5441
6699
8297
40571
6774
5894
6371
6354
7546
7181
6559
17278
6633
6388
6960
7092
6913
6382
6561
6381
6329
9079
6141
13997
6906
7843
8063
7046
6163
11316
6093
7121
6329
6020
5241
6157
14630
8430
11224
33428
11632
9118
13076
9520
6606
7497
6448
6475
6828
6258
6280
6050
9397330
7130
6581
6549
6693
7501
14627
6752
10486
8257
6820
6315
7182
6552
30971
6860
7079
13014
6919
6507
6560
8482
7957
8115
6855
6587
6752
7264
5937
6529
6925
6229
6394
6006
5601
6078
5614
7290
12560
7554
7717
6506
8253
9802
6662
1726297
5739
5665
482136
566695
9911
7953
6560
6665
5811
6033
5580
6008
6634
6420
7130
7303
6232
5783
6213
6059
6263
5816
8564
6706
6293
6301
6570
12375
5600
6041
6690
6376
866435
520828
154080
6653
24927
6345
5699
5962
6156
5792
6195
2292073
670660
9099
6956
7007
8509
6280
6400
6681
36764
34975
30628
10919
38244
35647
26997
21374
30974
10242642
10218
6487
6188
9999
6452
14058
5629
6485
5344
8522
12389
9988
6452
6714
8023
5885
5674
5921
7339299
517376
8922
10073
14193
6159
5684
6829
6753
9305
8025
6432
6018
6523
5569
5382
8886
7415
5643
6319
948539
6827
6573
6833
5864
5768
5903
5655
6851
6295
6183
6280
6131
6086
40578
56917
27111
22174
159136
35420
31353
132037
9379
7097
6091
6255
6182
5779
6737
6291
4979404
604248
457693
20755
6464
6403
6545
6075
6389
10276
6351
6600
6904
10060
13570
11160
6888
6874
5993
5960
5727
6209
6518
9469
6745
5996
5668
5672
5659
6254
8607
6227
6392
6262
5661
6048
6289
5862
1534411
535829
8889
8224
6353
6037
6011
6967
5334
5613
8661
6732
6121
6688
6880
6070
5873
9702
6452
6648
6208
5797
6467
6451
5884
5797
9135
6852
6666
6309
6742
6290
5395
5906
6568
6553
1064129
468059
579504
47283
21744
20923
44323
42709
44736
6405
5938
6174
6211
5411
6274
6163
6464
4987
5871
25326
31866
5818
5926
8360
5168
5471
6099
9208
28324
6704
8811
55265
25210
61210
27462
49885
60389
46544
23414
5706
9337614
8135
5771
6259
5978
6053
6169
6220
5761
5341
4780
6340
758620
31125
6405
5974
5458
5133
5512
6422
6561
5939
5890
5378
5713
8373
7060
8154
8579
9026
9175
12212
6208
5377
5007
5488
5421
5413
4938
5022
5374
994653
517716
668180
7842
6052
5310
5510
5026
7707
5330
5429
5054
10990
5435
5280
7847
6103
6691
6956
30416
18700
5955
5466
8618208
47294
10891
68807
32560
28216
36620
23308
7859
6174
5675
5370
5421
5010
5445
5716
5203
7190
5845
6214
5120
5580
5098
5380
5448
12134
8295
20732
8030
6144
11403
14271
5989
19955
6400
22555
12752
12702
12372
34398
6623
6162
54821
6148
9703
15319
5930
7088234
816472
5808
16451
5775
9811
5150
5478
9551
5315
12377
5605
6106
7891
5640
17090
11150
5726
5033
5343
9192
40900
6244
8061581
10936
15593
6948
6423
7958
6194
45676
9831
13414
9583
11401
14339
10417
7153
8827
13831
34510
6180
9360
9122
7205
5873
6765
6506
8077
5999
985490
559082
5942
441427
6064
4069
4419
3647
3381
4218
3706
3630
5208
6067
4888
5298
9588
4582
5509
5095
5854
1138073
2251459
642210
572729
4723
3917
4006
3432
3625
6034
4095
3880
5493
4152
4725
4990
3953
3802
3170
3118
3702
3966
3406
3494
3671
3926
4498
6001
7303
6059
6142
7439
5151
1542681
801363
1143288
4110
4355
7560
4590
3423
3440
3495
20003
3846
4267
3869
3617
3109
3771
3834
3405
13306
3937
4079
3329
3272
3747
3395
3304
5647
3809
3876
3667
3492
6280
4163
3943
1147449
531066
560031
3358
540501
428680
4972
4374
3740
3998
3653
3710
4771
6160
5307
3874
3708
3904
3328
3664
7902
4593
119479
6702
4442
4602
4199
18494
4110
4191
3836
3645
3524
3950
3752
3388
1318496
8316
4779
4154
4089
3852
6960
7823
5622
5916
5291193
23115
6801
26046
15058
5723
4883
3772
3524
3577
1976264
4353
4248
4434
3753
4126
4051
3510
3630
3564
888679
503404
497026
583880
413916
436919
4362
4015
3639
3683
3757
4200
3359
3244
3704
3880
578510
5189
4514
3840
4153
3832
3989
3320
3982
11598
572636
5396
4286
3855
3534
3513
3933
3239
3866
3904
5095
3900
3815
3906
4026
3413
3884
3782
3512
3400
935215
601381
520529
6331
3914
4517
3875
3260
4009
4190
5269
4439
3971
4010
3731
4229
6139
3799
3353
3876
3952
3911
4078
3677
3710
3640
4091
3464
3677
3246
4115
5064
4401
4356
4027
3745
4604
4313
4052
3917
8341393
423647
5699
4275
4429
7037
4333
4888
23321
4349
19280
6768
25715
15504
4777
5235
3783
4232
4141
4188
27578
36205
26469
4982
7426
24994
30084
8719
24407
32322
23294959
10708703
14114810
4663948
20617
27072
13079
13181
19923
17974
4312
5198
38405
8262
43195
5172
4238
4288
4261
4084
4302
4544
5828
4302
4069
3879
4663
4903
5987
4589
4261
4331
3543
3560
4331
4722
4091
4822
8377752
422791
6767
5341
4866
4830
6707
5647
4744
3774
5410
4534
761427
694398
845427
4792
5214
4163
4063
4811
4479
3555
4545
4204
586375
6299
4486
5402
4592
4363
3660
3691
3938
4077
4551
18133
4544
4338
4512
4186
5449
4593
4807
3499
3950
4022
4771
1365325
5469
4154
14744
3931
4444
4012
5768
3838
7943
5363
5785
6998
31999
4499
4641
4650
4549
4568
4630
3717
4660
4455
1474784
755173
5497
4573
4335
4468
4171
3810
3740
4462
4630
4100
646537
5147
4598
4184
4205
4308
3792
4571
4164
4431
1069719
5677
4379
4306
4236
5769
3997
5872
4377
8506
7465
26587
18960
5609
4365
3989
4162
4690
3908
4561
5248
4755
4592
4465
3595
4125
3417
4090
5520
6286
5140
4264
4202
3703
8181
4353
4367
3898
3921
4467
3763
4038
4840
1214233
434780
434560
467070
43639
18144
14694
16254
44328
4394
4783
4720
4475
4611
35004
5339
12384
4230
8747
4166
5200
4811
26833
4643
7702
4513
4842
5431
4834
8010
5200
6139
4761
7649
5961
8503
4494
4444
30224
29380
24243
28326
28684
7612
29880
112589
7771
26375
36917
26009
45114
24417
2476031
2597037
18089
23194
7811
18623
21263
29254
18915
16037
23155
26388
10552550
4003716
7848
7376
12199
4152
15184
4758
4369
4446
3944
3940
1995721
411454
4926
6515
4529
4248
4148
5457
4532
6255
4445
6344
4560
4489
3671
3537
4114
3999
4750
4096
4770
5060
6345
4247
6959
4450
7473
5757
5150
4429
4579
5021
6820
6747
8189
5033
4757
4365
5173
4071
4532
7717
7918
6600
5313
8146
4321
4402
5881
7648
8812
97402
6934
5589
6392
5439
1176480
571326
778422
17480
4136
4077
4769
4759
2718
2682
3243
646931
647107
616468
500579
415745
488069
5603
3620
3218
4500
1984
2040
2388
2667
2888
2482
3687
3330
2665
4834
2559
2800
2429
2006
2389
2432
4303
3000
2826
2872
2640
827391
2300
2528
3190
2441
2303
2033
2315
2420
3618
2401
2459
2222
1933
2419
2837
2361
16561
4321
4526
3858
4512
3446
5494
21909
3289
3086
3056
2574
1951
2751
1816
2517
3324
3195
3108
3076
2620
2397
2406
2016
2133
2354
3521
2985
2612
4873
5158
3828
5674
4739
4704
4939
1365368
2186517
600458
2536387
682840
992426
5188
3495
2138
3077
4528
3362
11394
2636
2613
896893
552528
480110
536612
6518
3563
2545
2678
2333
2546
2053
2433
2555
949860
695065
422308
3539
2765
2397
3473
2889
2778
2596
2447
2074
2397
8503809
744479
511526
527177
3730
3109
2837
1925
2675
2482
2435
2384
5819
5932
23203
5214
4984
5148
5126
4240
6356
2418
6518
9187970
436456
4226
4370
6034
4356
2094
3010
4437
2866
3763
3392
20505
22315
17376
4580
5000
3441
3205
18291
5957
13628
5047989
1662362
632412
565738
672018
531175
3858
2091
3333
6599
5644
3203
2731
4339
2759
2664
6071
3801
5315
3289
7432
5254
4275
3937
5965
5290
4897
4578
5578
2896
4787
5606
