--- not used in document ---

### GLOBAL TIMES:
15128475
3713040
1963510
6843911
4242419
3686726
4054034
2414818
1785251
1799277
1378486
1864569
5319164
2016371
1659885
2213648
2593561
1914965
3161721
2070943
2180445
1992196
1465106
1558453
2352935
1823161
1672013
1614623
1179374
1251242
1284434
2155792
1244799
1022506
1908829
1452607
1342593
1314715
1030849
978896
1025214
1548897
1560118
1564751
1341338
1681958
1061212
1967329
1259882
1480728
1259390
1285973
1314822
1306841
2412200
2327230
1195879
1207505
2292434
1349919
1057474
1204318
3081110
1197513
1425083
1405918
1090439
1262212
1042642
1203038
1236995
1106125
4161616
1746343
1459134
1348027
1580727
1349512
1245480
1179156
1736702
1525575
1548975
1830714
1477926
1757388
1411332
1244623
1889689
1925172
1614881
1479281
1485508
1291953
1594534
1566747
1460613
1286892
1719593
1082786
1081693
2281984
1047331
1119202
1794470
1692117
1321587
1151495
1102312
1480776
1025242
1115532
2137327
1899855
1717949
4569098
1810729
2215439
1547377
1833425
1084137
1242125
1025637
1251637
1050964
3994469
1259278
1456417
1258628
1095011
1112689
1431260
1575725
3191491
1028346
1311742
1044058
1492289
1204147
2236268
1690661
3346722
1693366
1634938
1552503
1529216
1187449
1340222
1489463
1784061
1151779
1744725
1174659
1084802
1104659
1040108
1462177
1569759
1113949
1680203
1068165
1032652
1010187
981567
1021238
1550710
1233537
1462591
1069740
1140494
1098600
1019782
1076119
1058240
1129365
1038077
1732052
2469076
1029335
1052130
1138158
1704595
1594804
1450708
1561533
1088784
2149750
1169334
1618966
1854616
1457027
1706002
1223216
1196980
1010614
2767811
1792288
2389307
3201109
2031870
2506736
2400110
1931760
2141692
1760096
1641078
1187148
1082186
1176800
1153617
1222008
1000044
1011486
1452438
1168623
1180233
1233590
1095657
1214148
1208716
1187527
978995
1366543
1065389
1027807
1487440
1112011
1374374
1182480
2410713
1194548
1071331
1264703
1464306
1424868
1631637
1554288
1274154
1201299
1401116
1460087
1775000
1133569
1996856
1277451
1114111
1122419
1110968
1077485
1095141
1621962
1149328
1043719
1060640
2012197
2393461
2070441
1829957
1803564
1893621
2037966
2223490
3324338
4400263
1764850
1837066
2704790
2359881
1839058
2510636
1423760
1538922
1595603
1346715
1172937
3741217
1598408
1486544
1547708
1861058
1391502
1196017
3041678
1280240
7304292
4487304
2971020
4968434
4529051
4550203
3349926
4274761
3966341
3429619
3760840
3717608
3580429
1782960
3143385
1369744
1700120
1833328
1237315
1177696
1773769
1250425
1192229
1286376
2492067
2401376
1404639
1272331
1087204
1785773
1252188
1152589
1063058
1904654
1271506
1162540
1724570
2314050
1785530
1449350
1262139
1769154
1927898
1388412
1489418
1783004
1697260
1539997
1091459
1211648
2179248
1259024
1196041
1470656
1126522
1197413
1329908
1913421
1604278
1223322
2518250
1522718
1312351
1277022
1423992
2081221
1368841
1282820
3671222
1428504
1193655
1427241
1708410
1652597
1304709
1249019
1869209
1426045
1145950
1308347
2307868
1213039
1352098
1573232
1377155
1144879
1699001
1259934
1552213
1674796
1441784
1399401
1734778
2103307
1381037
1514614
1427648
1277823
2093892
1704375
1415029
1310393
1658180
1353924
1192518
1423157
1324882
1334240
1359915
1217801
2635237
1188511
1284018
1416387
1535074
1430621
1382978
1428273
1502889
1444526
1413354
1428611
1894571
1207952
1408936
1143839
1177261
1267981
1577747
1482606
1356473
1376904
1295911
1467856
1237457
1219647
1790567
2036207
1485500
2407637
1317156
1436003
1311726
1561752
1226899
1594098
1498825
1334755
1440843
2298777
1781628
1654428
1400654
1207249
1304467
1274725
1154361
1201601
1353429
1202784
1748021
1225864
1245901
1350647
1193547
1165101
1438215
1514469
2306377
1910114
1835111
2634721
1859979
1651307
1352238
1210317
2161232
1564463
1192840
1881912
1466103
1213126
1620857
1328648
1416201
1438833
1496252
1355691
1510754
1611021
1358940
2485872
1442249
3461566
1335117
2003961
1396583
1296723
1513796
1198164
2932047
1376863
1251861
1311550
2138553
1726937
1562117
1419425
1447492
1664899
1793223
1612723
1808444
1845272
1242126
1473001
1349598
1990118
1914087
1823786
10100926
2138782
1565295
1377243
1500168
2160767
3301967
3217179
2868510
2026589
3521398
1321075
1253527
1239999
1224541
1250151
1275410
1170299
1882260
1270540
1219114
1762775
1338632
1391217
1211218
1350382
2924372
1500916
1482995
1832868
1339454
1208361
1307332
2100948
1292098
1305959
1290978
1233922
1344406
1270226
4842358
1453402
1384776
1949029
2447861
1426302
1462148
1532509
1618175
2461556
1453025
1897168
1404935
1320421
1300863
1191786
1833512
1855483
1604724
1832946
2121995
2281231
2063871
1931344
1427237
1602096
1966970
2025618
2037862
2544620
5712304
2177057
1843770
1296535
1622808
1746982
2922511
2688495
2283188
1547578
1531981
1358733
1322908
2666626
1324282
9570801
1224871
1372722
4748073
1394864
1410003
1306773
1369181
1259183
1215463
4669797
1612738
2060374
1551979
1489998
2251705
2461678
3459221
1376371
2302375
1352283
1419410
1515556
1974646
1272330
1291279
1272141
1338087
3621904
1398759
1425280
1783363
1270024
1522344
1236655
1440395
2611311
1451073
1770467
1286204
1325812
1326485
1288467
2594900
1507998
1462032
1397884
2176258
2329018
2280068
2182998
2799983
3836453
2820429
2145850
1360236
1518936
1810204
1393185
3635545
1296535
1375148
1643510
1438533
1218361
1304313
1263482
2784399
1367182
1437088
1257318
1368738
1266698
1296735
3282362
1346106
1351517
1728649
1320193
1366487
1262959
1225897
3083659
1912531
1339456
2468052
1422581
1364508
1416649
2605491
2138501
2325773
1560322
1721150
1475964
2836801
1666038
2332963
2399074
1707858
1519672
1893603
2521329
1917418
1801712
1906122
1957667
1294832
2389783
1761502
1408918
1313045
1382905
2819159
1658037
1606159
1490304
1635239
1658164
1408616
2862044
1494768
1748467
1451252
1486909
2649045
1576771
1337132
2630206
1571288
1487409
1528802
1465248
2659020
1316377
1428337
1358075
1436921
1303354
1334481
1542976
1356195
1368879
1496703
1360592
1492301
1276063
1821612
1342765
1322825
1545833
1306981
4337236
1574511
1559507
1554930
2156350
1362345
1310604
4030513
1436566
1648239
1351658
1535701
2226655
2709649
2645759
1435909
2171202
2503927
1510015
1442983
1445406
1484548
1611149
1504495
2468894
2237574
2202429
2686803
1712783
1731490
1816543
2085327
1375730
3433085
3348914
1647232
1505549
1482463
1508931
8428075
3071529
1496803
2100155
1374455
1350666
1320369
1253925
1318354
1408632
1530247
1506013
1243355
1377195
1327155
1918569
1302192
1809714
1448176
1355429
1319889
1284786
1314394
1751781
1919202
1464477
1514387
1566257
1486802
1450535
4284379
2038104
1668811
3474537
1855061
1524954
3719397
1892031
1329186
1313560
1989026
1777507
1703943
1577604
1885057
1500057
1452307
1393511
1314307
1459453
1647580
1610564
1420439
1592145
1563050
1591819
1678172
1619656
1771721
1873622
1418289
1429161
1377392
1363679
1581135
1402366
1619738
1349886
1412919
1500807
1663644
1631032
1708631
1635349
1774904
1677941
1398923
1438260
1556801
1336382
1871199
1878207
1391497
1390073
1412459
1373997
1979810
2075552
2823859
1748586
1501810
1915622
2499272
2278992
1663073
1671989
1489976
1682189
2456076
1515577
1376787
1419510
1313136
3629306
1469883
1751255
1607142
1455391
1531040
2513619
1742701
2166963
1605387
1734646
1827783
1899995
1870040
1897585
1572024
2128119
1574001
1699543
1659263
1936050
2418260
2058398
2135214
2160442
1648660
3104708
3190717
2513332
5074068
1581760
2657299
2345367
1562329
2345944
4347634
2350218
2507061
1740591
1380644
1459915
1399405
1486667
1335796
1586230
1355746
1494570
1467452
1351053
1626011
1868290
1576501
1580680
1433774
1590405
1823128
1740603
1337391
1464975
1521347
1523961
1337473
1466210
1308599
1921984
2034586
1342293
1393149
1377044
1377916
1275869
1400439
1423410
1349424
1288408
1387337
1358955
1361077
1302034
2388263
1458736
1351563
1360051
1652186
1483623
1398572
1371198
1335195
1300842
1346491
1292574
1291988
1364237
1265741
6070296
1619058
3501443
1690226
1501476
1851748
1482325
1515383
1449062
1978319
1420564
1903311
1448481
1917917
1787971
1531805
1610722
1715093
1739238
1729484
2158856
1482249
1895480
1385969
1621362
1630375
1932000
1694235
1824830
1410328
1497399
1474419
1339783
1298008
1357066
1403618
1483913
1356545
1486604
1380507
2856097
1546012
1493862
1697500
1409056
1504990
1443405
1492241
1444627
1551740
1479128
1472489
1515993
1583802
3145736
1623668
1443450
1477406
1416701
1528140
1642864
1479674
1778905
2013355
1438367
1501448
1816203
1444370
1579230
1359289
1654115
15467099
1876082
1684223
1948007
1335921
1813175
1496473
1602044
1486257
1401582
1299121
1328437
3107343
2655765
1532672
1521278
2303010
1472098
1940419
2871870
2213127
2102059
2517775
2539196
1980932
1864014
4608093
3743142
2320384
1586068
2415447
1401998
1930452
2030937
2235903
1909054
1795876
2105546
1943537
1456843
1567531
1414968
1308145
1402346
1453462
1474816
1453296
1501634
1371922
1535250
1365780
1401933
2009063
1549467
1593769
1435038
1432466
2001570
1518211
1430159
1509321
1398548
1411569
1331007
1459910
1402361
1622114
1969167
1495060
1495591
1543698
1679880
1583918
1674568
1509257
1505430
1379438
2575101
2157243
1384424
2809469
3115599
1833060
4254416
1369092
1596204
2715914
1571042
1681708
1552495
1547941
2328791
1580176
1363715
1464914
1702454
1657082
1612084
2037890
1626732
1447033
1560905
1429246
1555277
1418153
1514158
1477790
1392498
1806812
1931277
1451785
2142857
1595420
1467861
1499275
1523270
1440342
1852055
1400862
1386676
1442044
1525122
1525186
1481245
1522344
1545896
2078200
1558752
1518449
1702717
1436712
1648654
1572920
1545302
1564542
1521250
1679246
1534668
1625370
1607561
1392442
1615325
1451446
2872870
1985242
1502790
1562870
1560959
1431813
1564219
1657815
1668748
1485316
1454412
1564478
1471379
1538881
1570453
1452831
2063179
1580279
1489277
1611624
1479031
1465519
1560349
1467477
2704091
1421032
1500286
1480412
1362004
1505895
1501139
1582742
1572693
1340575
1486387
1351519
1790510
1642242
1772611
1578226
1881752
1618903
1471337
1434024
1440937
1422141
1472692
1556395
1423307
1994237
1625600
1435248
1556088
1424642
1365544
1499073
2026213
1448928
1457680
1850718
1761860
1471339
1578270
1446679
1526057
1407260
1587391
1522233
2024980
1557779
1594416
1630560
1429208
1495937
2017733
2006410
1717699
1488254
1784063
1421410
1564894
1452021
2234411
1555295
1575891
1697963
1544962
1701584
1458475
1588363
1438380
6154795
1573435
2106265
1491768
1786484
1389979
1457157
1518758
1350754
1321164
1775044
1464166
1644971
1898393
1517901
1431266
1346604
1888494
1700035
2091706
1484196
1439407
1469032
1394023
1350686
1366239
1527503
2157628
1720081
1540749
1415696
1360620
2091766
1466787
1502716
1506044
1478202
1508138
1350677
1468882
1470911
1437285
1399732
1342845
1494486
1377766
1436450
1640267
1529587
1915309
1462708
1535001
1507038
1488559
1409512
1543761
1439339
1378438
1427843
1407163
1595133
1423593
1421480
1334810
1901547
2161570
1379626
1662812
1983956
1460474
2058481
1592684
1672993
1757982
1472318
1430227
1888511
2550804
1501916
1781339
1971783
1366551
1519452
2052102
1598580
1517827
1419234
1600501
1382005
1417848
1485950
1591156
1548413
2161084
1501318
1505219
1515516
1478159
1461489
1531247
1435503
1435539
1534406
1453345
2016610
1632447
1566496
1499804
1457104
1402751
1571732
1597357
1472436
1627729
1631127
2299446
1557285
1515553
1522473
1543864
1436568
1597408
1519316
1474534
1347648
1603141
1444340
2151197
1630256
1502470
1637487
1417663
3339340
2995917
2055300
1992088
2593064
2226010
3359798
2426512
2170245
2476244
2486593
2151933
2306153
1728152
1616465
1798854
1450827
1466097
1634573
1593038
1725991
1575530
1897898
1477624
1906266
1542487
2303386
1994624
1548886
1538248
1494676
1514819
1399248
1356949
1482823
1505606
2080528
1610632
1523448
1511421
1609579
1537434
1474551
1451050
1495520
1404532
1531454
1499459
1457193
1436036
1497133
1449757
2452567
1539803
1476965
1451768
1433685
1583695
1721570
1575310
1519479
2084515
1525874
1534639
1441376
1434305
1660267
1665644
1536769
1426840
1410476
1403358
1442104
1416566
1543904
2299958
1978406
1910792
1425991
1431802
1425918
1494863
1543426
1686237
1467643
1509361
1378511
2154035
1788120
1534597
1509734
1433679
1381178
1516653
1605758
1696660
1484475
1538099
1400433
1480371
1517185
1497595
1541266
1594941
2164671
1564100
1577700
1555760
1742853
1637914
1733785
1623886
1645088
1602814
1471918
1782930
1406123
1447564
1394055
1949682
1762051
1866492
1680903
1668237
1723910
1798724
1928630
1716908
1407670
1641332
2610457
1585146
1550393
1711447
1704928
1981407
1580764
1554080
1796155
1454168
1788732
1472442
1711019
1639410
1857838
2188538
1457547
1658514
1396561
1548844
1561418
1654721
1610218
2060612
1620271
11949430
3009578
2777984
3033503
4182426
3445988
10778258
11939539
4996246
3680615
6170017
7027007
2428735
2848015
1661587
1563298
1455466
1580640
1478519
1452328
1634452
1561261
1514863
1646288
1464245
1576843
1431977
1792978
1608069
2039529
2594338
1928928
2175022
2549504
1937981
1707795
1635065
1562647
1805710
1496769
2207900
1510454
1536244
1618903
1481693
1499819
1474500
1557014
1517689
1449805
1433460
1534472
1397095
5318418
1743874
5916755
2510546
5559823
2117263
1566276
1617768
1836355
9755924
1532341
7793809
2115073
1877762
1833020
1634334
1505882
1614185
1507105
1787875
1662422
2014976
3916127
1550286
1521875
1671685
1693528
2192276
1619201
1935439
1892861
1942792
1621987
1909426
1464789
2154373
1533065
1686892
1694080
1469842
1585725
6344208
2965015
3180442
2679320
2817562
3065723
3199747
3185290
2409623
2605002
2747877
2783454
3139919
2326426
1708046
1915522
1614191
1640216
1926327
1744331
1576882
1723369
1636388
1601131
2732412
1607078
1574642
1543198
1801030
1547090
1476222
1768438
1619245
1775253
1753348
1794909
2089234
1772010
1775233
2958368
1582803
1585482
1601621
1547460
5731292
1447835
1446572
1741825
1548778
1459238
2251089
1701891
1733277
1600249
1655958
1886348
1911631
1649253
1573786
1649464
1644975
1729585
1661234
6622024
1664376
1872421
1494016
1807771
1990463
1545321
1552573
2276055
1651210
1798692
1524821
1567146
1842231
1528511
1691328
1839766
1592561
1534789
2112056
1761817
1646725
1611271
1487959
1887767
1545597
1761071
1650933
3948509
2959300
3932037
2494657
2121151
2368294
2308283
2102730
2206715
1924608
1720272
2072366
1641238
1733034
1631628
1737534
1739290
1612253
1653280
1607683
1668388
2218477
1631116
1818169
1608262
1598275
1794132
1624423
1608960
1652549
1559527
1560324
1790201
1598759
1568970
1712815
1541096
2077431
1718990
1658587
1756998
1961139
1820662
1520141
1687339
1768444
1727809
1747805
2362368
1657692
2204159
1674473
1860271
1684053
1670620
1898019
1815781
1876082
2032175
1817537
1580603
1756383
1709748
1611492
2038372
1752732
1758198
1655244
1669418
1878127
1649017
1554777
1821284
1669703
1571197
1925151
1633897
2420807
1847940
1843018
1589597
2136272
1828393
2992669
1662452
2957154
2349878
1660999
1882394
2300231
2613821
2059898
1677098
1879287
1821991
1806928
1842085
1874607
1563141
1582135
1587754
1687081
2350838
1840719
1727767
1873240
1808089
1942619
1697026
1572641
1781900
1610891
1595862
1852747
1600490
1570805
1855753
2166972
1703254
1895066
1662165
1662846
1945957
1677446
1728206
1740663
1629531
1623323
1786901
2185629
1779522
1876182
1670356
1689067
1769213
1758578
1717103
1820484
1658324
1684444
1839567
1633087
1698540
2235960
4759709
2622283
2884157
2826566
2993403
2542306
2878519
3044277
1970735
2003429
1767045
2365143
1727847
1717921
1720321
1616739
1650651
1725973
1720454
1655464
1671769
1654083
1649819
1730212
1654979
1679423
1731976
1681056
2559275
2683236
3138431
3190262
2253064
4270080
2804301
2789372
3291629
2366413
2439582
2181591
2276598
2629072
1758084
1803464
2083724
1767330
1972045
1764536
1706615
1770753
1728943
1882304
1662863
1703373
1766238
2151676
1862576
1827278
1779682
1662164
1943897
2325346
1791723
1935483
1752330
1761051
1858161
2338486
1826702
1829414
1711679
1776874
1864920
1867159
1790027
2035036
1858071
1816215
1995902
2218523
1861938
1836025
1711261
1844294
1729669
1783298
1742380
2015105
1794987
1985499
1948307
1731209
1968757
1680365
1723361
1872960
1796251
2257651
2387480
1814325
1729078
1871640
1637364
2082721
2201127
2435066
1707668
1651597
1742716
1765910
1763985
1862833
1705659
2578838
1863645
1910998
1718529
1816185
2409390
1918534
1729012
1726503
1884148
1710880
1698144
1808604
1742360
1749226
1749396
1787797
2286097
2037338
1943804
1693751
2000245
1951857
1874175
1684608
1716210
1699940
1725873
2467052
1910748
1998657
1894789
1939810
1996535
1846551
1923383
1830786
1915110
1794124
1897486
1754830
1725300
1696829
1949136
1760463
1767447
1864719
2765032
1853997
1849290
1794860
1977114
1992016
1691691
1825432
1879876
1750354
1767520
1888864
1791505
1700548
4050065
2720212
1911633
4835318
2590957
5821692
2037868
1988234
3701710
2523667
5283088
2054678
1866464
5651916
1894603
8992965
1948166
2829949
### METHOD CALL TIMES:
168549
43180
88167
48044
47602
49045
160205
46644
30563
32206
29787
32593
53080
29621
32199
34947
33222
38788
52806
48523
51502
47366
49251
46325
62124
42083
36503
89743
41355
41207
42173
78358
61012
38150
35391
43086
40270
40906
38151
38921
40491
57415
45247
43262
41262
62382
41521
62468
57968
74766
47658
49193
45247
45619
51241
100889
49934
46807
122141
44052
43945
44585
166585
47271
51998
49945
46971
46498
46878
48513
52196
47937
73042
64010
54790
50794
77526
52152
56465
54049
49390
53043
63456
88607
61880
72237
48350
62251
68302
63500
55950
51001
52774
54939
62221
62066
60138
57490
68182
60844
51927
85900
51932
59033
78360
85354
58090
58528
59752
61686
59106
64311
65820
75293
53459
202647
71279
54940
55631
81716
58768
57014
61751
61796
59681
91352
58514
135231
61388
66354
73623
63747
65418
85378
61193
64005
59407
71448
64166
69971
108289
117505
69078
71089
79701
87245
71522
65262
81794
76851
72719
94478
67462
66915
66689
68200
69597
84272
59728
85550
60659
65027
63454
62856
70863
107393
90047
83727
71144
74520
72172
70709
70931
69967
64772
66545
107001
104341
72822
70145
68187
81984
85694
83403
91888
72417
318049
72314
87744
91492
97647
94981
73166
80557
72642
88963
86257
94924
102482
79734
146642
94420
83712
107331
102801
109056
81196
82294
79185
99801
80972
74751
76269
104576
77492
78271
75795
86572
74006
73198
72443
72537
85332
73018
75100
111878
84873
89261
84234
149790
96229
80276
81996
111661
86682
121904
102849
110381
84799
81198
103379
105955
85120
127814
96244
86962
87134
83462
94243
84332
88359
88670
83841
84904
105624
105660
199966
118295
106784
98062
114775
105945
210177
363312
102630
109042
132606
125943
100377
140364
98644
94623
131579
122696
90331
324446
96782
94491
88963
138298
86492
92225
145030
87888
271834
201510
217489
151223
284527
179320
158470
162000
225256
192425
280047
160690
215456
109745
136259
93871
96460
102452
99912
94097
101235
108218
93485
99392
236452
124552
116125
96123
99613
83980
104904
98029
81548
98567
94136
90773
131896
124346
123924
105855
105761
99227
108763
106729
118588
133776
133220
116401
98025
107758
147256
96253
91276
103694
96450
117474
107619
142720
144372
109585
368186
100784
101686
103862
135112
186387
103303
111337
128976
118002
108122
111775
117579
125868
106618
98445
98085
122064
106141
100557
97916
111111
94594
97684
96332
102287
122138
109674
143771
138588
117765
131003
124207
112385
108386
112547
102799
108422
148425
136128
104745
106322
136386
105227
105753
143296
105612
112283
111281
116982
185871
110186
108062
114012
119454
121391
107291
121168
108576
113949
111557
109704
153753
118009
121779
108353
107363
105874
105983
116558
109840
111040
107091
119708
108873
113339
158661
130400
135713
168672
113119
113582
151244
165047
112494
129660
131493
173694
121246
174179
155031
167762
121664
116795
119552
112799
112236
123801
123596
117527
165463
121321
145561
121610
124978
112151
116149
132641
174017
171755
158237
183826
148552
125897
124031
114986
203816
119597
114379
126905
147255
125242
134155
133384
128143
119322
133146
139439
130187
132576
134738
292154
125404
231962
130686
213172
143519
137127
142305
126600
300018
134542
137149
144847
153583
207653
142516
146619
136988
148760
194840
155906
187004
184304
127001
141576
147495
138420
195581
229483
139784
190405
143548
137606
149282
179134
235003
197158
260674
139410
753824
138638
129368
140908
139862
142298
138248
130369
196069
153078
140749
148020
144217
165093
136314
147508
226651
149884
144880
170752
145100
139623
134834
479408
144665
136056
134815
144768
155701
141153
229142
151234
146441
150608
235921
157530
168137
143035
153278
168334
158268
169828
155899
152172
147393
145992
170287
187684
182043
187065
220306
183023
175850
180986
189715
159868
234640
202610
199931
181219
359347
235351
194860
146729
155879
172306
225620
204696
230380
171786
167783
153002
146541
731862
155230
169805
141359
159206
322147
156324
141908
149280
156765
142419
151144
508629
176264
188166
185137
167506
170574
245145
332189
152959
217504
162126
163597
164657
238770
159396
181093
157169
153376
674675
153163
152936
191854
151936
163137
167347
169374
286721
166449
183073
162012
160787
160373
167189
406915
168557
175564
163678
239517
238739
277656
219619
248054
464660
449819
263816
168497
180203
245896
178399
568689
170609
164022
185757
159486
162502
163073
165736
346417
178237
168480
161233
170656
159958
175558
275056
161331
172854
193508
161181
161808
167613
173301
507860
179375
177635
298218
180553
190220
182113
512261
306425
265872
179697
189887
195090
546700
176824
222219
290500
271895
203789
197393
288128
216632
202324
199224
202460
174891
323514
248732
184326
171963
177743
413382
198209
194966
190174
188213
200212
178039
361980
193411
211742
213062
191075
261015
321154
188149
249728
188318
188598
187303
187871
309072
177266
181749
166089
181057
173955
170651
182294
173392
175325
176835
195908
184212
172897
199246
179040
171886
200393
180802
290938
205287
198492
190820
200924
177946
183861
1058589
180498
180937
181251
192851
239142
174785
234607
184805
204262
518556
238815
207732
264624
195523
190622
187883
249268
296788
275146
246934
226287
206018
212527
249214
189172
292656
285214
207283
205520
203049
208927
195251
727312
198906
333065
197192
190181
204975
181441
189818
199982
188761
199323
179540
183855
206574
247206
186191
270585
209206
200359
204215
190086
201959
200054
200272
195972
193810
311455
202765
209277
1099854
260994
184422
765383
322653
187872
1084440
296517
209041
184533
206080
197440
214152
213328
285317
208472
206987
209151
191186
210529
211921
212893
192989
204515
225373
224817
213359
228268
213264
289186
211757
208591
206685
200763
205990
206120
225626
203286
205071
211619
232041
215579
267696
239576
212048
200234
197656
222339
240759
195735
263899
308965
222779
194719
207611
196876
244984
254937
398319
284600
206782
211909
291830
411483
220531
219208
214117
221905
310522
217112
220755
198698
197169
946591
213900
267363
212211
214705
242406
234715
211534
328390
236586
233874
264224
309262
236740
216556
227447
214861
211105
233196
252684
460257
340250
225566
245107
369679
209970
269320
1053816
245514
1005552
236698
348915
433664
231344
218893
1167954
223054
296847
291710
213919
226291
215253
245449
215537
201318
198854
199366
200840
214765
204406
271528
227710
227526
219054
217464
314624
215275
212410
221734
203177
233574
205400
211259
202062
255940
302353
221454
219842
221008
217310
202666
223664
213646
224387
212451
239347
224542
223817
218523
304400
225229
223510
211389
233552
229764
204303
225451
239320
206016
216590
211299
208161
235407
202952
808400
236286
373768
259068
205103
233690
226521
217277
206853
262479
227822
307943
226022
267613
255719
265091
241287
245518
243118
249496
301602
215723
241261
217688
316301
248137
403216
253857
310316
230868
253633
219351
224918
214669
220068
217819
226962
224568
221966
215540
305061
237124
225496
215712
224633
243148
221997
222702
231639
211535
224341
225111
226707
226612
310273
249504
235487
252866
218291
230859
236216
244380
243930
234635
253557
244311
266236
215414
230254
218108
280643
224122
263512
321598
236863
226272
237175
235065
239284
222866
229958
220974
215113
472121
445754
225515
222735
418949
233952
224018
398103
386304
265485
301962
407729
274119
323521
589377
961246
347694
235271
339258
239063
284031
282209
344779
233083
265669
351919
336616
248828
245305
236343
220165
227666
228766
226685
240002
223806
225940
222656
228329
248715
338438
248323
254957
250313
247483
342651
250653
247785
251162
253267
229521
227936
232505
229025
250277
342495
251729
254002
288578
248550
248728
229733
251693
235612
227534
299319
362934
232622
276324
494741
243396
1163540
233013
311872
348539
258465
273185
242495
242197
275289
235292
243136
230343
265694
267780
245827
352850
274327
248943
278022
241144
237098
241608
245208
239385
235365
253076
293818
239698
374042
274388
251431
262544
263065
265800
241015
243935
240489
251685
244591
269367
265751
252791
242856
367476
263534
264521
261705
274473
271928
311473
244980
243225
253576
247385
244734
252984
262774
245567
256946
262052
336814
366847
272443
271406
264253
255895
247178
270951
250173
251024
258878
254092
247465
251143
250199
250030
375463
269728
277838
268100
247417
248552
253367
260819
418699
271096
264993
248721
269148
246188
255489
259133
251995
258147
254809
257430
271399
295219
376362
265592
384631
324500
278754
265196
256304
263797
256672
268289
258172
379672
292774
286277
265369
280610
256395
262422
388802
284466
287286
319696
290081
262623
281989
256407
276019
259143
259444
259410
393184
299793
296420
272238
266558
259620
263229
396459
285647
262188
276595
267861
278225
298362
394305
287854
288287
283352
262059
289201
290438
261802
277099
262745
299281
391593
288174
529625
338475
279264
262912
265341
266004
401167
292991
289865
287466
264054
269106
280225
329835
317883
373623
297924
271298
287993
275705
273718
275028
286937
419403
312820
282350
272502
277746
409259
298600
308610
305481
298083
275813
271741
275228
272711
300088
275386
274753
281031
279283
278773
285932
297586
408699
301603
306942
303824
275764
274471
275472
277793
271200
304278
272657
282427
280576
275164
275798
337294
338533
276091
318760
319031
292377
424728
335268
299827
424370
279229
276561
316466
360634
289722
449847
405765
282713
282003
419314
310114
315123
293156
288519
280825
278685
308843
309282
290705
460183
308452
319907
296352
283231
284602
280832
293788
291625
301868
283209
428894
313189
324623
298788
303935
283155
289643
286156
283660
298787
314794
439343
312604
295159
297685
308730
288865
296508
279402
290936
281968
290568
291500
408770
303438
290125
311284
290258
442897
406994
336120
329787
352512
337551
446356
306104
367631
336524
323414
405461
515011
323628
306401
368900
292718
303399
344349
324071
430236
324079
296760
296220
326223
295827
321409
439104
321465
307626
316123
291994
307490
293640
323650
321922
450066
327922
310650
317270
325263
312434
298945
299920
301337
299435
303801
311431
291677
327247
298183
310922
473263
327769
313467
305256
306659
298936
316630
329283
304536
458391
329335
331180
315850
308290
366995
371642
330411
311484
305190
316694
300718
301917
304367
457572
368148
342723
308497
311098
310683
315634
319154
327659
339611
340743
299060
462849
366674
332690
331356
308296
315890
330456
315622
327495
318309
314845
310159
308827
332473
325359
342082
340028
465065
344826
340965
328174
342612
343828
367848
338926
312156
328148
344305
344079
318090
321209
314151
353149
347135
431487
348547
322900
318608
336766
318998
357013
317863
388236
720234
367828
336880
329467
344797
420643
336677
321579
362067
322801
327625
327316
386465
353960
411926
377829
329574
318545
319833
348339
317980
336599
347553
318103
381368
698980
451352
549329
439781
743822
524322
1841818
2235656
649809
593193
448600
638940
494272
507540
378944
351371
336531
324456
322984
317448
322134
346087
360966
356838
319587
365372
326570
397550
366782
390852
410720
415313
434882
491896
369724
357489
329414
349718
362129
358122
504980
365715
365771
358578
328536
328829
334515
347704
341141
334221
331341
364702
329079
571619
372402
1576648
408224
1838839
605605
352547
358004
355700
1656427
348798
2134307
514352
378373
376580
348294
351891
331666
327144
337007
334222
366860
536608
371094
352668
396471
387940
386087
374269
350247
351581
410844
340397
339532
353415
392067
331949
343798
340768
343595
368929
659857
521334
483823
457485
513930
488474
504031
465300
487949
477283
696054
503224
493126
523913
376883
380905
373197
381873
459781
361639
356738
417848
374530
377526
509700
372884
358281
341309
438831
336915
353640
342711
406068
356311
427814
378349
392643
369898
399981
649096
382046
363394
413219
349046
383469
336124
344942
374607
338798
355771
520924
380171
358715
375415
394070
422984
402671
364908
361491
367564
370210
404423
384861
526376
365463
349492
349398
353637
382965
370245
349859
529442
386077
375581
383717
351528
387652
354928
378350
390387
387639
393963
532611
393391
388001
392235
360982
391682
377070
378905
358389
1764838
540683
540575
440155
557763
423847
453000
471751
431408
546174
402258
524090
404343
386463
379144
394508
402386
381832
372698
385469
369442
539739
400280
405495
377406
366325
369253
362630
362565
372457
365282
362850
376009
359317
384426
401866
368956
531489
385266
365411
387923
602582
402865
367982
360324
404372
504257
366057
529184
406782
551165
409989
406121
404427
370517
376331
375902
393041
521565
371329
387897
501239
368703
390436
568666
412296
402054
373235
409931
480585
411626
374684
468890
377896
377400
459247
377318
586944
416855
466641
377898
442276
421661
644396
372680
381056
605546
431949
378194
598188
561605
461933
417652
410797
397636
400994
398424
400316
380283
370960
376403
377834
564718
415577
415074
397380
409950
496766
380735
383770
420923
400348
380617
389537
392109
373368
418496
574101
416549
418855
419373
415250
392087
389354
387417
387128
385631
391246
407655
578315
424629
425411
421574
425857
390568
386072
400899
408689
390534
398224
423869
404459
379376
390940
583912
487761
480438
491646
439555
446927
570245
491839
390062
517482
440762
585013
430282
430327
438446
394954
405375
404358
406859
410590
426617
392882
419110
422095
396828
413285
393737
424415
434408
498860
514799
595040
491407
761306
544527
656607
932049
497398
544915
424467
492480
599659
435671
411293
591429
438570
500054
401315
402693
425536
401709
416117
405223
400531
442583
423835
404428
413065
403745
404159
402382
602584
447737
488028
435662
448975
503301
607868
443467
479579
404977
415315
430527
410345
412867
514703
411411
405803
495690
607541
447360
447140
410817
411592
405968
416224
451932
444159
417920
449547
411450
424412
507346
409273
414884
407227
404941
613800
448405
453556
431047
452354
405615
520239
653457
534077
413117
407389
426989
435337
408992
425390
414644
569718
451586
430659
437520
416472
412814
415933
416815
417482
525578
427725
434954
452022
415254
455117
436691
418147
628352
478582
465440
412250
530294
440493
420487
419655
436786
414775
425779
655332
484728
498134
444625
444954
476941
478223
461753
420583
442780
445300
443357
466263
421016
415549
473927
463923
427118
426303
624527
462656
443557
441845
496937
429263
426713
421590
465608
428717
457440
449269
426777
427446
685360
599894
493430
746276
536757
589962
513622
534685
798392
595446
589419
440434
452101
1602772
458922
1204497
434106
555985
### ASPECT TIMES:
87632
7816
62851
11446
9415
10815
73075
7583
7010
8069
7070
7618
13453
6541
7115
8097
8553
7443
9383
8079
10544
7809
7462
6463
12442
7658
5676
45917
7006
5976
6270
19360
27601
6825
5584
6884
7320
9439
6472
6630
7287
9164
7988
6673
6127
8903
6726
8758
7066
9594
6315
6641
4883
5999
6567
8303
5230
5827
13990
6574
5487
6259
23524
6102
6039
5325
4808
4935
5133
5017
6218
5158
8599
6208
5899
5178
8691
4936
5331
5691
6004
6045
8447
10934
8452
9263
5320
7869
7239
8957
6918
5717
7616
5851
7248
7072
6679
7665
6467
13007
4775
8669
5307
5731
7868
8260
5503
4976
5646
5507
5370
6286
6129
13942
5432
16849
6135
4586
5356
8511
5166
5333
5718
5852
5538
10240
5719
59112
5555
5814
6090
6757
6483
9556
5904
5888
4595
5570
6852
7560
8085
12318
7419
7255
7529
6069
6423
5771
6610
6391
5763
8375
5556
5521
4512
5226
5929
7984
5335
8225
5150
4483
5741
5102
5203
21595
19245
5901
4966
5676
5431
4255
5049
4963
4339
5104
6717
8214
5603
5265
5050
6211
6471
6025
7255
4860
9821
4931
7051
7572
9507
7090
4400
5237
4544
6018
5901
7478
7160
5103
8782
7906
5931
8333
8609
7382
5222
5531
5017
4467
5594
4617
4839
7723
5323
4978
4923
5345
4855
4785
4826
4949
4957
4764
4993
7525
6105
5770
5445
9294
6995
4961
5245
7843
5303
7981
6496
5955
6054
5171
7821
7172
5362
7172
9926
5421
5926
5637
5163
5299
5544
5467
4887
5187
7469
6436
8152
7256
7812
7360
9012
8603
38193
31194
8676
8065
14254
6312
6379
11679
5421
5053
9151
5747
5436
20992
7253
5834
5589
11971
5886
6009
13341
6277
36210
15404
15765
11562
15406
15492
8029
9825
13591
12211
17791
10927
15400
6331
9765
5512
6005
5934
4968
5553
6248
6435
5720
5790
13760
8281
8809
5309
5503
5241
6897
6362
5254
6414
6106
5934
8076
9562
7021
6781
6630
6425
6990
7214
6474
7739
7772
6356
5542
7290
10795
5825
5143
6322
5632
5641
5975
9753
9870
5959
22522
5531
5750
5400
6723
14997
5360
5422
8683
6454
6175
6372
6244
6673
6006
5590
5487
24007
5644
5502
5518
6419
5117
5344
5286
5152
8007
5925
8228
8212
6363
11512
7480
7396
6343
5950
6347
6198
9380
7071
5411
5946
7858
5439
5702
9698
5604
5395
5595
6358
13972
5952
5882
6717
6147
6746
6109
6409
6209
6309
6734
6474
8094
6358
6023
5992
5634
5491
5572
6132
5836
5717
5329
5880
5394
6126
11086
7219
6905
12591
5676
6373
11395
6892
5699
5993
5850
10227
6127
12219
7444
8466
5844
5938
6176
5898
5371
6590
5649
5475
7800
6154
8663
5714
5895
5304
5252
7173
10452
9635
11384
11813
7225
6022
6102
5965
10166
5888
5431
5743
8459
5594
7595
6355
6023
5448
7477
7737
6680
6498
6691
11007
5577
35794
6056
8812
6197
6509
5991
5643
13794
5911
5491
6453
6876
7418
5939
6855
6294
8036
6131
7242
9683
8942
5411
6540
6950
7368
8202
11580
6412
10603
6692
6028
7177
8710
7968
9020
12405
7580
12401
5857
5218
5882
5673
6660
5360
5298
7245
6200
6277
6878
6096
6785
5315
5893
12324
5540
6045
8000
6460
5435
5639
24682
5720
5061
5412
6037
7408
5997
10657
6650
6551
5979
10191
7052
7188
5844
6952
7330
6924
7040
5843
6344
6676
5610
6898
8503
8013
8986
8092
7362
7062
6683
7921
6383
9134
10752
7119
9007
49966
9412
7973
5553
6851
7222
11080
10074
9945
6463
6373
6272
6159
26007
6538
6016
5447
5452
14387
5523
5630
5185
5297
5267
6183
23506
7460
7745
7321
7072
6565
10206
14032
5650
10391
5930
6468
6141
10236
5635
14714
6179
6253
28943
5588
5984
8223
5370
5815
5588
7274
14064
6440
7514
6053
5837
6067
5361
14050
6546
6714
6349
9677
9568
9585
10390
10758
15792
17379
8213
5852
6801
8960
6554
19048
5957
6153
7133
5697
5551
5685
5772
25015
6813
5443
5680
5473
5545
6394
10841
6107
5895
6660
5790
5777
5674
5549
18878
6449
6377
12583
6443
6114
6207
22322
9632
11307
6793
7278
7238
33355
6990
9993
19418
11091
7577
7129
24476
8636
6788
6229
6722
5553
11612
8864
6335
5490
5719
14232
7603
6865
7352
7304
7464
7163
12429
7240
15805
6160
7265
10429
9450
6750
12240
6121
5738
6290
6565
14451
5837
5678
5584
5995
5495
6435
6241
5772
5852
5107
6762
7187
5587
7360
5750
5666
6752
5785
12763
7836
6905
7357
7196
6372
6253
37480
5996
6268
5499
6782
9475
6712
8835
5657
6614
13900
5963
5677
7753
5343
6460
4927
10261
9223
7496
7984
6367
6128
6124
6354
5869
11051
16596
6986
6493
7261
6495
6247
20183
6532
69974
6114
6001
5696
5990
6811
5779
6856
6623
5557
5404
5828
9367
5972
7967
6604
5897
6237
5435
5656
6294
8085
6711
6370
7291
6017
6402
40722
10552
5760
21069
12325
5485
37216
8204
5914
5702
6008
7291
8112
5830
8047
6211
6320
6284
5623
6497
6883
7077
5683
6757
6377
7581
6463
6729
6450
8150
6235
6035
6338
5428
6746
6314
7497
6222
6344
6507
6384
6071
6823
6862
6219
5382
5520
6739
6175
5886
6667
72354
5931
6038
6540
5954
6670
7232
10994
8954
5987
6290
11198
13038
5960
6917
6161
6804
10095
6693
6096
5237
5652
58795
6525
7935
6003
6297
6955
8244
7623
11437
7186
6634
6599
10044
7766
6007
6304
6546
5426
7852
7091
9988
38709
4555
16929
12047
4923
5861
18582
6293
14951
5044
6691
7123
4074
3893
18982
4494
5649
5598
4688
4261
4370
5104
4380
3871
3600
4198
3746
3647
4012
5593
4157
4629
3751
4431
5497
5022
3956
3766
4161
3326
3800
4042
9079
10998
6285
3929
4143
3741
3853
3806
3866
4241
4343
4520
3890
3949
4325
11801
5305
3971
4102
3991
5413
4303
4288
3593
3499
3862
3729
4054
3772
4231
4610
6796
3600
7712
5960
3882
4462
4021
4060
4468
5159
3871
6524
4191
5978
5312
4118
4387
4322
4462
5025
6079
3696
4365
4894
6043
4378
5346
4506
4762
4568
4498
4378
3677
3994
3939
4384
4249
4137
3811
3953
5638
4357
4106
3880
4080
4497
4115
4048
4205
4572
4286
4523
4332
4242
6724
3828
3858
4027
3821
3803
3856
3907
4002
4023
4169
3647
4167
3413
3769
4032
4023
3641
4023
4743
4015
4052
3986
3597
4001
3697
3820
3520
3392
11199
8768
3772
4076
8303
4425
3773
9818
6520
4513
4929
6920
7128
6354
9282
12850
6413
3933
6990
4062
4387
5436
8093
4175
5238
5996
5572
4126
4238
3868
3933
3691
3944
3792
3933
3791
3472
3586
3493
3980
5637
3855
3846
3807
3694
5182
4140
3760
3954
3906
3728
3941
4014
3657
3828
5788
3858
4108
3815
3624
4052
3879
3717
3840
3936
5571
5539
3763
4734
6870
3733
23692
3649
6088
5343
4347
4515
4234
4251
4584
3994
3448
3650
4029
4675
3999
4949
3905
4266
4097
3905
3819
4160
4165
3832
3306
3858
4154
4320
5367
4145
4005
4093
3588
4009
3839
3804
4013
3798
3873
3730
3845
4027
3898
5553
4350
3815
3556
3642
4429
4491
3831
3670
7196
3955
3820
3706
3745
3738
3570
4127
5961
4783
4094
4489
3908
3757
3666
4314
3946
3974
4017
3577
3926
3722
3877
3618
5053
3825
3982
3874
3775
3750
3806
4252
15894
3875
4203
3887
4073
4114
3800
3967
3904
3659
3590
3512
4023
4438
6540
4254
4929
4807
4167
4071
4034
4293
3577
3670
4105
5383
4286
4156
4023
4148
4087
8043
5157
4206
4248
5484
4310
3831
4033
4115
4185
3287
3600
3682
6358
4448
4331
4022
4171
3637
3985
6080
3691
3365
3858
3937
4478
4330
5473
4225
4025
4154
3849
3689
3948
3437
3615
3601
4860
5622
3973
4672
3965
4024
3458
3538
4008
5558
4045
3940
4437
4180
3784
3681
6255
4385
5151
4094
3963
3900
3708
3815
3844
3553
5250
4095
4211
3903
3922
5313
3742
4516
4081
4025
4042
3914
3982
4547
4046
3909
4302
3999
3697
3510
4095
4695
5515
4095
4093
3957
3714
4067
4205
3335
3303
4297
3613
3643
3888
4212
3796
4248
6007
3802
4658
4219
4390
5188
4445
4088
5036
4031
3687
4808
4594
4199
4912
3843
3425
3869
6064
4180
4217
3939
3915
4261
3600
4106
4380
3812
5843
4064
4156
4336
4076
4126
3730
3996
3547
3891
3997
5250
3782
4381
3700
4378
4256
4201
4192
4054
3766
4018
4936
4214
3921
4250
4014
3871
4188
4091
4114
3761
3656
3938
6316
3972
4077
3929
3340
16405
5108
3955
4041
5358
3960
9598
4133
4465
4341
3546
16926
20868
4405
4289
4013
3946
3964
4211
3887
5372
4204
3873
4113
4075
3896
4212
5490
4122
4037
3823
3961
3899
3727
3783
4272
4989
3894
3908
4099
4128
4020
3705
3873
3976
3696
3763
3683
3541
3922
4324
4069
5524
4148
4046
3753
3789
3827
3944
4363
4142
5560
4123
4395
4040
3804
4368
4175
4293
3948
3907
3783
3613
3835
4133
6422
5353
5681
3813
4011
4081
3938
4293
4109
4326
3686
3826
5808
5529
3988
4038
3972
3715
3965
3443
3948
3628
7069
3499
3702
3859
3819
4144
3803
5122
4528
4188
4398
4195
4031
3923
4291
4171
4371
3980
3775
3968
3548
3929
4327
4451
4656
3715
4112
3968
4920
4169
5354
4220
4934
70624
15067
2971
2636
2810
3799
2831
2536
2728
2224
2218
2211
2847
2440
3039
2252
2502
2641
2452
2293
2234
3035
2801
2366
4683
20067
4274
10037
4000
8815
5074
17731
30651
8217
11452
3989
6977
4202
4574
2784
2395
2352
2544
2309
2154
2301
2528
2199
2446
2316
2853
1995
4829
2446
3023
5117
3628
4877
4960
3310
2609
2331
2629
3969
2623
3507
2637
2412
2398
2440
2288
2423
2484
1930
2491
2328
2497
2331
19110
3673
14784
4238
17301
7517
2745
3066
2885
4232
2664
27180
4147
2538
2661
2543
2108
2224
2290
2564
2360
2546
5028
2608
2795
3484
3164
2573
2844
2352
2561
4831
2353
2140
2426
2503
2484
2590
2140
2357
2443
15422
4308
4565
5116
4277
4517
25379
4325
3951
4554
6420
4018
4444
3830
2663
2659
2598
2386
4536
1822
1990
3252
2705
2622
3393
2267
2598
2488
4419
2157
2610
2300
2280
2265
4931
2780
3076
2715
2813
5563
2430
2043
2205
2464
2633
2263
2366
2535
2477
2569
3457
2710
2281
2402
3627
5945
2868
2277
2253
3731
2541
2633
2970
3388
2527
2454
2506
2332
3165
2356
2149
3595
2432
2642
2517
2253
2468
2227
2686
2122
2055
2527
3231
2663
2570
2729
2081
2220
2249
2271
2240
26052
7994
4739
11522
12798
4078
5667
5528
4306
3669
2513
4149
2610
2300
2691
2528
3422
2713
2202
1959
2040
3511
2560
2672
2467
2464
2494
2616
2254
2321
2136
2328
2418
1932
2117
2657
2115
4951
2303
2335
2367
18064
2746
2216
2210
2111
4737
2497
5872
2655
3155
2540
2616
2827
2269
2503
2460
2279
5373
2591
2406
4931
2581
2409
3594
2591
2563
2472
2285
4633
2703
2551
5263
2419
2439
5147
2520
2602
2423
2434
2334
3081
3106
4296
2117
2002
3427
2374
2145
5911
3309
4490
2366
2450
2634
2524
2307
2424
2028
2198
2308
2164
3420
2598
3650
2674
2257
4816
2301
2599
2421
1915
2340
2342
2286
2395
2573
3910
2766
2492
2460
2426
2390
1825
2568
2380
2432
2394
2160
3374
5857
2593
2286
2577
2253
2401
2445
2270
2379
2124
2116
2081
2003
2255
11402
2968
2875
3152
2962
2421
3682
2390
2402
4673
2703
3426
2860
2841
2669
3060
2751
2468
2099
2203
2243
2159
2001
2787
2611
2433
2747
2688
2743
4715
6857
5699
2375
5882
5672
6731
6962
4941
6106
2667
4756
5010
3006
3113
3587
2553
6045
2659
2757
2677
2786
2271
2524
2665
2692
2708
2721
2655
2444
2590
2647
3524
2844
4812
2491
2858
4964
3557
2560
4364
2948
2694
18853
2452
2796
4690
2779
1988
4945
3449
2704
2750
2441
2324
2656
2523
2618
2758
2556
2830
2678
2761
2490
2082
2325
2781
2575
3872
2604
2900
2699
2534
2724
3540
5769
4279
2113
2263
2828
2877
2505
2599
2528
3038
2446
2532
2437
2664
2720
2683
2467
2515
4649
2265
2587
2628
2171
2954
2415
2701
3492
2954
2438
2568
2644
2598
2857
2314
2605
2517
2500
4022
3073
2909
2731
2825
2604
3070
2584
2605
2685
2181
2409
2491
2125
2277
2661
2409
2534
2851
3342
2913
2509
2763
3266
2445
2845
2712
2920
2721
2398
2711
2791
2422
4120
3858
3301
7306
6691
4314
4687
5489
8387
6185
4437
2540
2633
7711
19016
14564
2643
3581
