### GLOBAL TIMES:
67346566
11566477
4643871
6543970
5199577
4108150
4809546
9048736
5097045
6859188
4745881
6324744
4842012
6255574
6895489
5700086
7146165
4790886
3562837
4845027
3461307
4198743
3577309
4388707
4569554
3968535
22143972
7758452
4187073
2638553
3576385
3176751
9227832
4646620
3131074
5921096
4217839
8621934
8143664
2948989
2605867
4552612
2418709
2621240
2177134
3228010
2338074
2683002
3057014
10080252
2860362
3293369
2034115
2217823
2367340
21475441
3220388
5677926
7996332
13478318
6327561
7070593
2421417
167473788
109158671
16130433
9241287
12666907
20833288
4265600
2172967
3192799
1817603
2514093
2224626
8896179
10338808
2647131
9621230
3291334
2828662
4489166
2482867
2403438
12174405
5611757
9223268
3271643
1918972
4367445
2414255
2347665
2888467
3378644
10537766
18797169
3947848
3228584
2687940
2718424
4543165
4752901
2658473
2512818
12244853
9902009
9790692
5875503
3954773
2815510
2128513
8259224
2687594
13081208
5548656
3140699
3033933
1680754
44392245
18088830
2792489
2309648
4613044
2546010
5683396
5824488
32376076
13279077
5168952
2165274
3047562
2892625
4233484
2516371
8719984
2109660
2659941
2465059
2875464
2896727
3166367
2415569
2647305
2508714
20095990
8240036
5889499
20248317
4446805
3967944
5633278
3769193
2384077
3769848
10071548
13496850
2693641
3759026
3058249
2993619
3280592
2778454
3738470
11986533
9057951
4272479
3665908
13268309
8461588
7912522
9460829
2477890
3383691
2901490
5363873
3269341
2759790
2551646
9598992
5374535
1372114
9127323
2163027
3977068
2897730
4708725
3034819
2797398
3223880
3400267
2184971
13578199
3522727
2846733
2683510
3469411
2829678
2846303
74058689
4924989
2648476
6185308
1421374
6349632
3693453
3370635
1900669
53839518
4062686
3522790
8459600
3935570
1897878
3083845
2117211
2844530
2162287
1765924
1862075
2056746
30005957
13752308
9826287
3669950
3851740
4631046
4272223
3363107
3436580
3484127
49441726
3212263
3182549
4525039
3542333
4459059
5210587
3379752
5664639
5069411
2346446
3864043
16224823
9172232
22462086
6764552
4460132
1960678
6253729
3317957
3040605
2781715
3660180
3330274
27113201
11852058
10213893
55631140
5807187
5887840
3218736
10780680
35621900
4700672
4266783
5061409
12674259
5147453
2512443
3014246
6333318
3246554
3036918
4770255
53163540
4339776
7381808
6137384
3315954
2616265
2628939
65283679
2883363
2855831
5260073
2949381
2979946
17395438
36540185
7636380
5839371
4293445
5623832
5800227
9344799
3611888
17827739
2902961
4190356
5516653
3670261
4431683
4242087
7922643
2070822
1791719
1944023
4259341
5866513
2073545
4357134
3725325
14919896
8580768
2499711
2843229
2783266
8972391
2345730
8953756
1900841
2176665
2480276
2435582
2400958
2326328
1810693
24899698
2248255
2306123
3406138
2545410
3874651
56037020
3830768
3102221
2898801
2685890
3480145
3717946
4789609
3234958
2646125
10094788
2981458
3324870
2572115
2727507
3236352
3190778
2900488
226338800
7488766
6431197
61610462
5641036
11789145
10558798
3677468
3486825
3783907
7541885
1938476
2542572
1661537
2528491
2169939
3363427
12737861
1905794
1999587
3423788
3846724
2015334
2527965
2187590
1947028
1686813
23129613
11131927
3348509
4663424
4972468
2862568
3828431
2726958
3398456
47954588
5986825
4723437
3550580
55088221
3607513
4564403
5115191
4465726
2419695
2900469
5449841
3439106
3545175
14904064
10036007
2003740
7507140
2908264
3632256
33751385
3892478
3345814
4957735
3635107
4381156
5004021
2848495
4986981
4360009
4504719
4014065
3484866
55015929
4150745
3720332
4163256
3659353
3922733
3672093
2208869
32863181
20757518
4725529
4852085
3071718
3902661
5543588
34990014
2431670
4794030
2195154
3249493
4663036
2071780
89506447
2967074
3535521
6763845
4228747
5787986
3403582
10066708
5306215
35325317
67056036
3927672
2346094
2434994
3338315
5075038
3323611
61514114
3622787
2708254
3933673
2729102
4248161
16670967
3415391
4298021
5846384
2976242
3961345
1858912
16695716
1889483
2269036
2427958
7786246
2779361
2536469
9092758
214982030
10522354
7579402
4492814
2874979
5190561
3807111
4351529
### METHOD CALL TIMES:
544465
71821
118388
47321
43350
39728
50521
107767
51498
58642
60714
47634
43932
47938
86458
73830
51522
62148
52490
77789
36453
51735
55262
165150
51811
53396
18356901
86166
58138
78253
54775
52280
108684
538317
45618
103661
58094
49885
90801
51971
58777
63443
63007
62119
74622
58205
65828
63444
66830
81090
53786
38738
53033
54580
67300
254620
59865
92904
68810
77209
159190
159878
59219
76019
101860916
8792564
287728
7613720
14238346
159886
109152
68047
68574
65612
55970
185884
357826
87163
280429
87908
77305
2460748
67332
67063
8790433
110891
149248
86247
65198
65714
80262
71590
88670
67447
7918635
100886
60853
61759
63465
77227
75858
83478
63733
66639
8637028
5861221
139717
288302
101593
92334
66325
200855
95637
1288808
86781
170371
97532
68040
260426
85437
92951
49959
103227
105125
111416
188980
389215
590178
107007
80755
76997
80733
101682
75491
197250
61484
91950
93034
62774
77992
107043
76131
95970
104318
15855921
5139724
3293592
110734
82825
122139
99189
132050
90331
91156
89653
200535
89801
105284
121568
96184
103428
162417
212250
9179999
4995717
94217
110633
6266269
4502884
4896113
175523
116603
104530
119384
130140
120010
96364
112342
1316654
427565
68164
166972
102788
113612
112487
148308
123033
120532
108245
106502
88009
1529336
111108
104614
101855
143862
129410
100087
2541816
160002
109231
152677
88467
105491
92571
114365
74160
3112536
128745
153272
199861
152928
121588
124849
91219
119829
98435
108565
89468
81780
28569212
1337875
109531
117945
320677
148574
143285
214493
179749
133620
3118104
126860
115310
119718
259771
732278
147686
183913
120783
322162
109540
305708
13564841
5385190
1391616
144641
126510
107699
162995
149692
145121
171167
110012
103677
23066431
7929886
5997571
2029088
146340
164300
169807
133869
1701582
148796
197802
1475244
1516787
158024
154594
164131
140351
127083
108258
274962
2619679
230147
153551
155391
229179
119516
97102
3144426
224383
160953
179462
154185
124262
168136
1764243
388782
173169
142306
140856
319425
1064043
305726
678450
149593
128872
163229
152540
313035
200460
217480
124031
102080
117337
170552
200090
151180
156606
170236
232446
129022
109819
102762
138550
170202
139354
351665
100265
172229
133977
136931
108014
118484
107729
1373411
119515
112358
165813
102791
380541
3747755
173844
146523
135517
167994
231966
140547
188410
153693
160202
304793
139081
168296
115607
161047
140777
142482
140384
223024205
4722654
4486616
2424435
630410
473100
589345
210376
207059
186710
237240
123951
136173
122540
134138
139977
172041
342173
129574
132631
148480
201451
135452
154475
109326
124807
127858
19608570
343717
195925
1069269
247380
182505
213335
205329
264973
3592612
531727
1116424
191550
3431923
166346
146941
225881
160400
156872
165380
182994
219108
225129
1527878
1095152
155571
131181
155748
143587
2854880
203740
174698
249942
226749
239658
171565
146210
663657
186699
248292
436498
253194
5129520
167622
224202
219724
255086
216058
211449
142273
1557232
277281
195830
230243
173290
128526
197538
2259036
162050
276402
140126
156744
513989
140165
4178464
192649
257474
880622
247410
201737
184961
2016683
188406
30519671
7868999
159039
144220
142271
145581
273861
260689
3317659
216229
256291
196050
206076
198120
1582489
148626
207641
179068
216264
141486
165283
483373
149919
153602
188719
154314
203060
157692
448040
4523898
269383
212661
196600
191176
277097
231929
190860
### ASPECT TIMES:
369310
12227
81822
11168
9471
9036
11287
37521
10572
11563
11623
12705
12057
11770
11713
11604
9447
12971
11294
13945
8242
10463
12870
31370
9355
10366
18306345
7750
6100
39413
11643
10275
15218
72380
9569
36231
9498
7297
28055
8652
9478
8855
10683
9426
11022
8384
9043
9523
10913
10200
9723
5736
7997
8890
10794
37831
9257
12740
12058
10341
20251
94782
8952
10411
101791980
8232409
64555
7499508
14153015
46730
64311
9473
6692
6340
7549
28247
23163
12447
52038
14053
16304
17541
7981
7346
8728208
14558
19094
8320
5789
7690
9467
8712
9205
8812
7852962
10133
8402
7767
9465
9135
22206
21804
8045
8232
8571284
5794469
23608
185819
11446
20720
7685
67281
10394
43371
8790
14855
10078
6977
88858
7870
22721
5532
11789
11361
12342
9408
78471
251444
9837
8429
8426
8017
9590
7942
38915
6186
9716
10329
7121
19502
14056
20411
9997
9974
15737639
5017902
3226165
17171
9036
12689
10157
13393
8740
10599
8375
30400
10124
10509
10787
9857
9570
26693
9814
8986886
4871087
9834
12487
6104634
4417262
4803218
44774
29895
9097
9854
11478
10660
8723
10219
33084
13833
5688
15419
12254
9034
9891
12148
11791
10788
9108
8798
6626
88741
10848
8359
8505
10073
9018
7381
168656
22857
15768
17030
9327
8550
10445
22621
9633
371539
17578
16420
29018
51835
11106
9799
6433
9934
10389
18534
6369
6028
28491418
64208
9347
15781
26677
12674
17636
111620
17337
17473
51804
9457
9512
8773
13214
18040
14885
15411
15221
19018
8877
31247
13447667
5242958
71306
16719
11074
7848
12170
10977
16377
15137
8711
9456
22938375
7766006
5832628
106095
17874
20499
16347
10028
191685
19980
13714
42852
62441
42112
14447
25327
40092
14568
7781
14146
365982
19184
24594
17081
14083
9248
9546
593693
57855
16447
21116
12302
11240
18569
126178
32624
19305
17265
9839
17147
228525
22539
155677
10627
10534
11766
11183
33308
14776
37995
8087
6730
7556
9386
8239
35165
10972
11270
27360
9825
7598
7097
10494
13275
17749
43597
6454
11988
8874
9825
7003
7249
5833
142463
11427
10598
21647
6643
21124
426660
11209
10905
10447
28111
16689
11060
40063
10532
10529
54543
9577
11854
6633
10487
9659
9660
9969
222864652
4491214
4339070
237108
34401
48970
46152
40621
14521
19590
36982
7060
7711
7180
8884
7214
11059
57393
7243
7126
7921
12263
7150
9287
6228
7043
7088
19478082
34417
26600
259944
13947
10643
14593
12107
13612
315236
19978
35371
14791
399789
11787
10618
40328
10842
7790
16757
17526
19324
13070
356193
402970
6307
6473
8502
8544
959702
27496
10424
17760
11233
27101
10038
7656
16399
9477
28062
88689
12900
847349
13604
29579
17967
38157
11429
17465
6915
107168
16134
9751
18638
8152
5995
11494
244704
18058
29084
7155
7342
154627
10997
279924
15948
62985
66990
18986
16723
10472
68636
10004
30327081
798624
20980
11538
10362
18136
39463
21373
236065
15152
15302
15654
26833
16532
794867
16836
10198
8738
12188
10807
6708
58093
7488
8269
7640
8371
11437
8376
22890
89455
17132
10854
10355
10453
11375
11782
8743
