### GLOBAL TIMES:
18723383
4215687
2421933
3937390
3381423
3162764
2859739
3608915
3154477
2643028
1868220
3261028
2402850
2180036
2782413
2105519
1850399
1836411
2449406
2148248
1887926
1797711
1882777
1945879
1727790
1964528
1629198
2178224
1686970
1490240
1150171
1605511
2009866
1752397
1297665
1405064
1605237
1672453
1701614
1589166
1242671
1377069
1272170
1081938
1741105
1258593
1225022
1089356
1468040
1764656
1503827
2112595
1306909
1366286
2180841
1025747
1201512
1361971
1308068
2145617
1171402
1128119
1238211
1240206
1111312
1596135
1226180
1229368
1514019
1168580
1406984
1229935
1319524
1859815
1118508
1050373
1091115
1035418
1090107
1063333
2398247
1076527
1183371
1945072
1381487
1466277
1345510
1512617
1410329
1557738
1463375
1764569
1380351
1346266
1190405
987149
985069
1090146
1037319
1033195
1388892
1840155
1219206
1247174
993723
1155325
902497
1034465
963214
889685
997624
996865
908651
920613
1065533
1251939
1006661
1313353
1281103
1286914
867810
1149155
1359382
1721501
1214990
1084504
1182523
1313437
1048273
889179
1931903
1696334
1270619
979074
968249
1046274
1032231
1047422
1090789
1049666
983163
1677402
1004502
1145040
904915
1019279
947821
1154872
1095466
1009162
982414
1681887
1164207
974278
933920
1116006
893570
926860
1035030
1944335
1023810
1191907
1110890
1013584
996573
977816
1004145
957820
896289
920707
976842
1002155
963142
1098991
1659355
1004292
1171721
1003677
880134
875023
876460
912391
981707
889533
1564541
1114957
1676494
949001
1023672
999483
1009251
1063120
996845
920752
1130410
1497055
1249708
1187265
1073797
1036638
929427
1045904
1089063
1221621
1132868
1147406
1788753
1021628
1205190
975446
1230655
1018942
951169
1099023
1053943
902458
1034706
1568770
1194163
1164442
1010152
923782
986052
986829
969935
1492076
1127860
1131221
1171487
1024526
1160226
1145480
1233443
960472
986126
1040045
1008708
1044707
935650
974844
1409087
1042011
1335334
1111837
1145859
1107878
959193
965127
953043
982181
1444463
1278270
1103033
1063429
1077586
1225759
990619
1310949
1694360
1096686
1028969
1052685
1014288
950602
940544
1052250
938182
2616475
1184782
1113790
1168508
1543173
1310223
1247597
1094615
1187705
1211859
1300667
1239070
1173948
1420771
1056295
1273636
1139273
1262918
1023832
1290496
1549524
1872627
1110363
1171654
1096174
1045240
998104
1036313
1043175
1214673
1226321
1184152
1175750
1431875
1211983
1067532
1038476
1139857
1043899
1022927
1016665
1082135
1458206
1205657
1160753
1213135
1100347
1266755
1049177
1028206
1165496
1215994
1068798
1013543
1280991
1182998
1032737
1389221
1331733
1365766
1487655
1311385
1281800
1366572
1213580
1449446
1273903
1250093
1647242
1226348
1180316
1088488
1133393
1256380
1689383
1167348
1255784
1223839
1040106
1041584
1189092
1109565
1235459
1107845
1874533
1177439
1213926
1099421
1027489
1697374
1163431
1229530
1115534
1155550
1081027
1324875
1331199
1214075
1602129
1162142
1285966
1296810
1118265
1823721
1261820
1299944
1350955
1368464
1292731
1141236
1134757
1678493
1337817
1286996
1161091
1211161
1396763
1417148
1125261
1362677
1242856
1227442
1800621
1273537
1220191
1253475
1105366
1250944
1661054
1175691
1236945
1308088
1287484
1190719
1308738
1282520
1209094
1133908
1601562
1186126
1153455
1375313
1159552
1250702
1204838
1222478
1152991
1161727
1566920
1446626
1359489
1125290
1198030
1273084
1641235
1192272
1255476
1162329
1169475
1105231
1343580
1327925
1142657
1187633
1182773
1162381
1265941
1609695
1205751
1341428
1229260
1220241
1371966
1292460
1225430
1262154
1336545
1112425
1186038
1190014
1649614
1207974
1436861
1381920
1399729
1216335
1183535
1799083
1375892
1287235
1153595
1281150
1234081
1396007
1179614
1434640
1142387
1206028
2082485
1282346
1397980
1737237
1439522
1419787
1191685
1453174
1166746
1252261
1160008
1633421
1442486
1295028
1522148
1380630
1716903
1245721
1304391
1212677
1219809
1167192
1309553
1397628
1845776
1367072
1328733
1198077
1688322
1398062
1273169
1387536
1744319
1471972
1357206
1193966
1978400
1282861
1574720
1365876
1390918
1306326
1406285
1360562
1369458
1339496
2032650
1522869
2217321
1631467
1371690
1245395
1446196
1321034
1170617
1347722
1432708
1347156
1171287
1348091
1279891
4533210
4835662
3441126
1915811
1328070
1254762
1254901
1187274
2261700
1509405
1328068
1268922
1394865
1276411
1220614
1263801
1233967
1944946
1535106
1493828
1233901
1426366
1394090
1230814
1197829
1315819
1361363
1742179
1436392
1366132
1253199
1333232
1274839
1395677
1326652
1287458
1747845
1599546
1454714
1537264
1334298
1465244
1461539
1262837
1781388
1492029
1351102
1196745
2043157
1646410
1325434
1297740
1303849
1218618
1167234
1212154
1793427
1459392
1374986
1270066
1311396
1328267
1183619
1928308
1452190
1451512
1401644
1326276
1307228
1185912
1611181
1403000
1224124
1220114
1218237
1266264
1271835
2033746
1326363
1404241
1253194
1368522
1253738
1218236
1302574
1258666
1833511
1490296
1302510
2275475
1480099
1481770
1432570
1180456
1265321
1331932
1383698
1422810
1297605
1920445
1437813
1345510
1438967
1292381
2042756
1285252
1335672
1447515
1320979
1233079
1297368
1267071
1285598
1449494
1926863
1675136
1308302
1316966
1233992
1145578
2089937
1267560
1442365
1279885
1239534
1296383
1399764
1221628
1322803
1802382
1535951
1290856
1495610
1255746
1324938
2043091
1471202
1370405
1378763
1206278
1162011
1293835
1197009
1177674
1437594
1338998
1318101
1277233
1332106
1253070
1156771
1719345
1374243
1424289
1254420
1458900
1453870
1326361
1230916
1248422
1331153
1292881
1872376
1444936
1464310
1358847
1289964
1356589
1320072
1351739
1241339
2083289
1468915
1325305
1761251
1259150
1572223
1328740
1451803
1402566
1309208
1882588
1377039
1420697
1559920
4684485
2123461
1388252
1464367
1542736
1301562
1251700
1288513
1877933
1313368
1552387
1429111
1321902
1487221
1280218
1434038
1475717
1367790
1233176
1258413
2054327
1605429
1305700
1477369
1344000
1487064
1455323
1471282
1258705
1330608
1323548
2211521
1344643
1394325
1504251
1248813
1293537
1903110
1433006
1415628
1541933
1514179
1894538
1464069
1559530
1387235
1332765
1293058
1899766
1394772
1404957
2085390
1607421
1461754
1428705
1550672
1558695
2383886
2232660
2223994
2272441
2023287
1685054
1396044
2323520
1410065
1935851
1624695
2292300
1589002
1599428
1452715
1519461
1353358
1702182
1592642
1519230
1417183
1356323
2075420
1536476
1558284
2237284
1563282
1461689
1429573
1395218
1369385
1261828
1302121
1715688
1518899
1448991
1468944
1488096
1296668
1293436
1298658
1830760
1514618
1510992
1373865
1326379
1419946
1362543
2096631
1442423
1538901
1241453
1325614
1342344
1389435
1289171
1278450
1206602
1926572
1992683
2237237
1223121
1238029
1782697
1353121
1415989
1588695
1206488
1474363
1266232
1390541
1257031
1409924
1312926
3090478
1668132
1433902
1309272
1314508
1255827
1491477
1400595
1309875
1321040
1336400
2065986
1464637
1501663
1320265
1367016
1324312
1986310
1462120
1353381
1248842
1326264
1348263
1311186
1880890
1561421
1529751
1511944
2609681
1455933
1243948
1323050
1400788
1801063
1462505
1657383
2192968
1227708
1424522
1395147
1309554
1781864
1345142
1375445
1278946
1318617
1312808
1239412
1518094
1313774
1474577
2243737
1381417
1642733
1420219
1411784
1408683
1365105
1156141
1854776
1504245
1330525
1331712
1330135
1326414
1327655
1395289
1214681
1297763
1423289
1833323
1418095
1351539
1206288
2074260
1380034
1462647
1344330
1314005
1424854
1284176
1853301
1583766
1482437
1552439
1586658
1673378
1381872
1430570
1249624
2315491
2232447
1404775
1350178
1310961
1315194
1315778
1600645
2054797
1598978
1381953
1308601
1229728
1217850
1401067
1219895
1348279
1256552
2103829
1432546
1299756
1413781
1328389
4682047
1398562
1381292
1330833
2037421
1502082
1421760
1410710
1308295
2186703
1441582
1312452
1456008
1524221
1257962
1247015
1306965
1467661
1257287
2173594
1390661
1584260
1492166
1903315
5619606
1402692
1372007
1494234
1426960
1460890
1410139
1836927
1413654
1571117
1318528
1431931
1393843
1392986
1427387
1415094
5012679
1451224
1318077
1340805
1256614
1941501
1481897
1651169
1402087
1322814
2271113
1664110
1349165
1539301
1390246
1364862
1480113
1489921
1361672
1518602
1338095
1313312
1325356
1950503
1428569
1590371
1368904
1338148
2797570
1540112
1370784
1531519
1515147
1407411
1309357
1326027
2151505
1756499
5146821
1497970
1485649
1388532
1362597
2137149
1677651
1459703
1484438
1486567
1387309
1669426
1368063
1753035
1701378
1416655
1326414
1398449
1436651
2268213
1445659
1407041
1374106
1407341
1519038
1994234
1661333
1694655
1543480
1623520
1326977
1498367
2059101
1614774
1712608
1719119
1418949
1530364
1634375
1550866
1417954
1569029
1399605
1375261
1522870
2295692
1692563
1480458
1401518
1406618
1472991
1610345
1594138
1416481
1430329
1455229
2094729
1732822
1622724
1499099
1469558
1533112
1416890
1398311
2238874
1508492
1667086
1379770
1476851
1377338
1413769
1419625
1452178
2276661
1622459
1615421
1405927
1440964
1430310
2114148
1636971
1473813
1587282
1697239
1600966
1451628
1534721
1517169
1409953
2411529
1588434
1540747
1294124
1305549
1399950
1552830
1474749
2083925
1392703
1534932
1361852
1285042
2094367
1550268
1585521
1375172
1442813
1509836
1347063
1307610
1970649
1471642
1459857
1632900
1406480
1529107
1439101
1427596
1379893
1400363
1459311
2087959
1639820
1507542
1541091
1404665
2184581
1549831
1578992
1588861
1495325
2098145
1716577
1500308
1464677
1361662
1496015
1402743
1419495
2235438
1557596
1546942
1613644
1385988
1583014
1342587
1566999
1477204
1339220
2075244
1508894
1765742
1461290
1463457
1455196
1524716
1612760
1579428
2118843
1555705
1533047
1552224
1368577
1600666
1511240
1511813
1462332
1414885
1443436
2182608
1585463
1625727
1375868
1457802
1430728
1482439
1463040
1462056
1462723
2300673
1584379
1520712
1518988
1513152
1556582
1711838
1600246
1570518
1401106
1392853
1463962
2094385
2080334
1563887
1447729
1527790
1705625
1449279
1616856
1510066
1451053
1559902
2197137
1732268
1593231
1464842
1489224
1701951
1559221
1515712
1556539
2145196
1514500
1680825
1722056
1547425
1530400
1552002
1708214
1441500
2021253
1634140
1498939
1630732
1451796
1441434
1679307
1414522
1730575
1526784
1494860
2143463
1530076
1502673
1553061
1456587
1481783
2821996
1938221
1605285
1619532
1477142
1544966
1416177
2681601
1658717
1642701
1676668
1534065
1501125
1512502
1509900
1443336
1511091
2671697
1744047
1634153
1533830
1454050
1676275
1469781
1449363
2117439
1841843
1593475
1521138
1521560
1485875
1758738
1656642
1826890
1707175
1547797
2409571
1682895
1573096
1585428
1608660
1679297
1547750
2193621
1615991
1726857
1561332
1691612
1664090
1706680
1573826
2037209
1885995
1792287
1643216
1618071
1654931
1541825
1806360
1529286
1574144
2330168
1827725
1712445
1683001
1652136
1696120
1545076
1681383
1496381
2229063
1807361
2143852
1746982
1723429
1580534
1715408
1775642
1693877
2462936
1701852
1704680
1726805
1619927
1604533
1663111
1674578
1500488
1710320
1586458
2084714
1681003
1805795
1551823
1704451
1614620
1530138
2467721
1807555
1647704
1556491
1606044
1522839
1511757
1628666
2304570
1868206
1743070
1841696
1639817
1569480
1775724
1552268
1698626
1558279
2335770
1748886
1799562
5378536
1549633
1575313
1721344
1563644
1733085
1545594
1562410
1858114
1492268
2428041
1810506
1774875
1656375
1823585
1729175
1636559
1598183
1561488
2446950
1871718
1882249
1699259
1814854
1779909
1688104
1674908
1563060
1547795
2496663
1762577
1861154
1755768
1831825
1730577
1688882
1675770
2188399
1813958
1909452
1895721
1730699
1764211
1665311
1672733
1816975
1676331
1652624
2179859
1909137
1739143
1795124
1666159
1654056
1662416
1646154
1645439
2434605
1913502
1784517
1704594
1730955
1736192
1789993
1789669
1586680
1894280
1802459
1654791
1579580
1611585
2545510
1803038
1804422
1585354
1822727
1757225
1655645
1612233
1746237
1927310
1638873
1704990
1727723
1572597
1559516
1568696
2425248
1812176
1909803
1720038
1933547
1698580
2226094
1747673
1911800
1697050
1589852
1644278
1723231
1777115
1611498
1659282
1834880
1628456
1654675
2219797
1685011
1792523
1982296
1662019
1598211
1777715
1578523
1592220
1613306
1647042
2249271
1706356
1726480
1937506
1846918
1894114
2383384
1782905
1895749
1804033
1950256
1758887
1626833
2332637
1666000
1529710
1487848
1562866
1464543
1521307
2299782
1768173
1612980
1604047
1539411
1690220
1530826
1697369
1607799
1560739
1661844
2251931
1568922
1502664
1545244
1556129
1495887
1642891
1530994
1428923
1444240
2376039
1619603
1535277
1648618
1627717
1685007
1453082
3020190
1736672
1776820
1549847
1550972
1709232
1515475
1529714
1491541
1616402
1633103
1453882
### METHOD CALL TIMES:
243981
48536
104557
43863
42294
43946
50610
105706
102933
39282
28649
30440
39677
39496
42972
33561
47179
43300
45039
43505
42042
43920
45373
46637
35705
44947
46059
49734
39855
66739
37080
48335
53053
35660
34653
33531
39016
36988
56169
42154
37538
58550
37880
39752
49727
40420
37403
38586
35881
50119
49819
55560
42347
52296
44457
39657
44284
43568
44014
92365
48001
52870
43269
46799
45120
58824
48116
47284
51639
49452
49849
53342
54345
59376
43034
42969
42144
40922
94031
43358
63648
48036
46470
58250
60663
61014
61494
152656
61473
59503
65502
69076
52700
56906
53018
50732
52149
50365
50633
52158
66081
66725
49883
53856
51797
50306
47471
46587
47976
46446
48513
57031
47220
47930
53201
63897
55757
63027
63000
61526
49728
64118
60710
75569
57848
65717
55976
128787
58694
53415
76854
61864
56349
56431
58731
57765
52896
54907
56750
56932
54637
78760
58031
58322
56380
54487
61364
55617
56569
54759
54827
82322
61793
69314
60000
58283
58028
58731
73080
83215
63178
65377
63171
60976
69247
58539
62726
60587
58721
59488
73790
61526
60494
59900
96437
71926
61924
61628
56032
56477
57014
58283
56909
59438
100405
65217
91051
67195
67284
65955
61755
67292
62647
65539
66013
131181
72615
72309
68899
65674
68554
75543
68052
80844
68308
68768
124868
74592
74891
71131
82878
70352
75609
68401
140661
69061
70562
100254
77292
73547
72857
71852
72263
71180
76100
104398
78071
78334
74235
94201
71250
74960
79165
74596
75475
77821
74061
99339
75888
95457
113278
82189
90390
78499
77047
76296
74117
74977
74875
81014
110419
84186
83038
79850
77085
98907
81579
139497
107875
81134
80958
80104
75248
75580
75698
78899
75313
112178
84188
93022
80470
103103
77480
77303
84690
82680
82628
90424
84623
84514
102423
87732
80580
91059
84098
82882
83669
101467
122525
89648
89551
87310
83323
82905
83373
90467
100051
84970
84821
92008
121431
94723
85815
86382
85680
87784
84921
86118
86239
147664
93889
112669
89821
89024
95243
87376
89932
106640
94590
87322
87677
100744
95833
89542
117663
99174
107392
101968
100412
101444
106300
93963
102708
108844
103054
135586
99689
119134
97950
99699
91788
136579
101023
100494
95280
92560
101657
101178
93265
94185
96200
136864
102322
102377
99156
94121
142900
105827
105331
102369
100526
94621
104585
106351
114083
148350
110989
108155
102921
102122
152821
110938
112668
110789
158054
103689
102732
111305
153663
137940
112417
107595
112156
116150
107932
105919
123203
109487
106027
157446
115991
118130
111215
106223
107004
160454
119288
119138
122038
121167
111516
108846
110500
110415
110194
163016
122294
119817
121311
115660
109058
117117
121244
112140
111347
163930
125634
120991
115625
118741
111655
170466
126878
123924
120369
121612
116047
123979
114923
117697
125651
117594
124857
117205
168560
128602
132278
122102
114815
126844
115478
118477
125455
116278
115982
126212
121382
172301
127571
130263
124320
129187
125834
127306
177952
132245
134160
127000
121233
131283
129840
127600
126362
122710
124222
204038
132783
132995
186421
136180
136021
130110
133355
127959
125481
126960
185111
167599
138977
152903
133644
191515
141091
139053
135686
138150
130384
132199
168342
194165
144280
142357
136792
196852
143582
147140
146129
170478
135269
139986
138396
199922
148268
146754
140002
147973
143550
145159
149844
133571
163293
175632
143638
204765
246473
138419
148271
145079
133074
135863
137825
149746
146444
135741
137168
139747
139307
154589
198038
137923
137671
149146
149835
136721
205594
151144
153078
145173
139042
153080
153588
140182
139748
207790
156458
156366
149825
183818
151283
149914
147179
144093
155454
213914
159199
158207
153994
163608
146920
159920
152936
159474
214278
166930
158745
160139
156398
159490
159877
146401
215735
161446
158310
153754
216664
175563
160046
164931
147282
147990
156513
160522
222840
165721
165315
163780
151349
160124
148599
226880
172094
170276
175034
154447
176118
154332
164143
170278
153974
154685
152561
162095
163433
230217
179269
171418
163024
157579
172800
157734
154546
154205
234139
171550
172905
236056
174154
230653
175159
164961
157199
158969
162608
177746
180065
238129
178803
175883
172812
187122
237715
174597
178445
178541
163370
161090
162407
161862
162079
185019
242064
178024
167371
160031
166897
161603
238473
176702
178229
171946
170356
163756
166500
166236
169634
245475
181949
181472
190385
182808
165940
250101
184756
199898
184656
164132
165064
203943
165678
169553
175438
165800
172074
182134
184297
168244
167129
248946
182036
186406
184631
185321
185697
179968
170294
171637
185247
167174
253536
187411
187962
188254
181439
191408
186353
179400
172864
258073
188897
227465
186228
194653
182280
190301
191000
175435
206368
261991
191954
191525
191262
185701
261475
191435
191902
189641
183369
175090
187917
265386
196134
195984
189194
198375
197361
179562
181788
181413
188411
177381
181689
271596
198754
203725
198794
182909
200623
200106
200508
180803
182915
183674
269171
198609
199118
192091
181492
194024
273637
200771
200941
202482
202362
278014
201737
202448
203520
189489
186334
279560
212460
206226
280085
205032
215036
205797
215331
205707
265868
250642
277145
218563
210328
214294
201154
262869
213062
225735
238767
295569
213354
279741
213009
193755
219774
257183
204224
191877
200402
205570
290797
226734
216663
292323
213802
211794
208922
220552
197842
195906
196693
230133
205067
197577
196660
199063
201945
197102
197020
301026
221003
222157
210583
201554
220194
206221
315620
224216
218937
210641
230207
200388
199839
209402
209798
204023
303614
245399
279887
201895
204183
302880
226353
225531
225534
207302
226177
211298
221014
203215
251172
215009
314363
239806
260561
206753
221885
213461
229463
203592
210586
214822
209397
311560
232096
231701
229182
230157
211270
285121
243291
206982
217446
210842
231942
232753
314311
232380
228873
223089
324084
217439
210197
232740
228761
316887
234726
239955
236449
208201
232438
228213
211954
317628
238135
237461
226859
236768
213726
223074
237637
213468
217859
320929
237081
264166
233525
229015
220925
306547
219037
314798
270048
233712
227794
227684
219345
218101
228677
215816
236462
242409
306540
232415
236705
223163
326749
238083
238792
226084
224648
273145
219619
326419
245923
242039
240345
249709
235491
216431
221390
224179
399224
283060
233253
221964
239385
219940
231522
236400
332819
245623
244529
231763
224105
226118
248234
224263
243984
227150
333697
244474
260331
271642
223230
235364
244513
228609
236181
335518
245266
258241
249175
248025
342444
249156
262461
286026
246047
227986
226528
240902
229462
229881
385464
253034
249890
243204
345784
251341
242459
252776
254471
226258
258289
252920
347193
255822
256134
246650
263520
238601
229032
242399
233123
258134
229617
229447
252231
237790
351854
258300
260380
263714
238718
360047
259136
244637
251409
267169
240910
240313
258316
240237
251288
234089
263820
244881
356965
266363
264545
249765
245910
363470
263560
252819
249713
250107
241526
246843
240278
363326
284913
254912
249030
239909
252617
266837
447790
269560
269086
257889
268675
250518
270944
278628
370645
270892
255711
266431
291156
272323
378357
274500
280094
258340
256784
276301
374513
274314
284773
260860
278945
251760
251952
381212
277499
279014
314568
253978
282926
277594
253480
282480
259651
253685
254482
274405
384442
280536
289893
273587
253261
255125
281584
257223
255834
276871
253859
388957
281277
278870
279867
259004
260621
276951
262777
394313
282166
283185
288510
258451
264322
278932
260415
279241
384209
284060
288957
278043
284345
283643
395363
286178
287338
273745
296447
258300
262158
265911
263514
282710
399353
290823
277765
287996
268042
289054
279635
267910
400974
292957
292838
276631
268103
401394
292561
304340
279654
274681
276583
294414
268817
402560
299685
295207
296683
297689
272117
272174
284809
274482
299598
298797
408404
300248
299629
297355
297600
409774
301242
306184
285269
282693
433068
317854
315450
303369
277221
302732
281694
303354
413666
304929
289323
300077
295903
280490
287815
277720
309320
279599
424023
308011
308691
302491
288761
290474
284770
291603
281458
420802
308532
318780
300489
288236
280438
287361
284651
302245
307811
309086
428346
311807
319436
320770
312969
286138
297339
315460
315783
314800
427835
312869
318075
300057
306630
295494
315941
304261
289255
292392
300081
286878
429626
411915
305723
291334
287374
318806
323227
289734
303549
289541
306649
433440
318946
321663
311954
305640
322192
291904
301307
317888
434675
319835
324644
308918
323311
288149
290748
322716
296454
442206
325315
330167
311051
312010
308229
310002
299639
314680
303683
306300
443134
325328
334077
325419
301124
307274
460288
323754
314345
298671
298940
300022
297779
453793
329574
317014
310654
322757
315751
302085
334292
313386
298543
447381
332423
324693
324086
311165
305373
310548
312221
458090
337651
337714
313089
306396
321439
417068
321033
315150
391367
319090
460379
339821
331132
310966
314534
315134
348806
468017
341414
349394
343037
345162
326899
308769
321200
470438
345020
352413
337260
311070
316568
322111
345751
322431
345616
468297
347357
355270
351934
318371
319485
328039
325658
321326
476422
350715
390606
328015
357931
351615
328986
361208
352289
479144
352547
350203
356847
354877
327796
335973
320737
323438
324773
318235
480452
354657
352898
341843
324632
325015
324201
539233
369821
356598
351961
323146
326779
332658
381073
484746
360099
339239
356334
358972
333485
358156
329082
326796
329481
486228
361871
344731
345567
336386
336739
325193
327445
344631
359280
327250
336273
327196
498665
365768
361925
367722
369526
342231
338577
358105
334254
501699
363629
346407
341546
364529
337834
371419
342594
339762
336981
493294
364497
358792
338310
371859
363455
333559
389751
500047
371931
371735
353536
376530
347244
341245
340074
404815
363603
374083
506207
372213
356539
363252
374578
376544
345124
373087
343351
507767
380113
361248
345360
348661
351492
344151
352582
349577
380477
358664
367189
345978
345791
512024
377499
377374
364228
352770
346037
352200
340925
376977
376906
376646
340295
349551
349658
347119
346186
513633
378205
362890
349196
379100
350920
522410
383422
382172
366033
351045
352366
355342
356798
359996
353986
352282
383460
353515
524123
383654
366552
439840
382752
357648
351141
357243
352687
353425
374917
524061
389793
380685
396030
393712
372648
527509
392305
392949
361409
393746
371634
354303
529352
389972
400921
373965
359675
359319
357972
537897
397134
392351
409980
363073
392016
398534
364705
376815
375884
420593
549042
400737
391883
387571
387011
362902
374114
363782
362381
362916
542746
399526
396715
416941
379702
404397
366852
616685
401626
386453
375086
396567
406597
374177
403728
401103
372089
416418
369230
### ASPECT TIMES:
143968
9317
75874
9986
8458
9810
11371
35708
12035
11570
7400
8626
10073
10755
9343
6897
14487
9808
10121
10197
9605
9823
9914
9741
7063
10002
9665
9412
7320
34984
7152
9393
10494
7448
7673
6549
7331
8143
12637
6337
5085
26963
5060
6256
7605
6891
6878
6437
5355
8389
8864
9318
7002
5991
7084
5990
6679
6274
7004
10523
6862
6805
6119
6534
6362
7975
6458
6233
7999
6272
6037
6713
7040
7606
4448
4817
4943
4715
5637
5329
7240
5200
5415
6641
6825
6476
7323
6763
5652
7126
7293
7583
5793
5554
4503
4255
5368
4225
4573
5253
7039
7865
5901
6080
5637
5459
5176
5018
5251
4321
5020
12101
4413
5197
5562
5932
5534
7275
5930
6584
4918
6790
6675
7729
5031
6420
5524
67174
5362
5335
7972
6442
5145
5285
5963
6018
4313
4337
4612
5252
5065
7965
5826
5817
5368
5272
5657
5505
5281
4173
5381
7846
5576
7839
5388
5303
5154
4225
5621
7567
5773
5566
5560
5410
5208
5270
5395
5263
4201
5282
4503
4093
4337
5207
20663
15520
4766
4897
4681
4377
4458
4102
4293
4832
6790
4720
7091
5385
4823
4629
4435
5057
4172
4862
4655
7334
5142
5005
4895
4574
4285
5117
4489
4854
4419
4894
7209
5181
5223
5032
5202
4553
4616
4493
10417
4658
4699
6654
5314
4973
4719
4192
4741
4867
4869
6845
5069
4888
5126
5360
4709
4746
5584
4627
4720
4357
4217
4540
4746
4680
7127
5267
5185
5240
4833
4743
4348
4506
4443
5023
8289
5791
5897
5473
5780
6081
5069
7020
7864
5919
5980
6160
5969
5734
5195
5584
5773
8160
6405
5883
5691
5882
5405
5547
5827
5474
5980
5870
5962
6153
7887
5459
5534
5747
5895
5536
5134
7438
8709
6311
6191
5930
5988
5789
5333
6016
6474
5598
6099
6015
8609
6059
5414
5857
5445
5755
5835
5715
6012
9120
6459
6850
5537
5512
6666
6022
6033
8728
6122
5671
5849
5694
6054
5681
8977
6400
7311
7334
6413
6640
7022
5339
6825
7414
6582
8193
6723
6638
6304
6270
6215
8272
6694
6090
6297
5671
5730
5856
5540
5636
6210
8282
6099
5988
5714
5508
8264
6354
6053
5873
5891
5616
5939
5932
6577
8391
6105
6088
5652
5886
8221
6364
6686
6680
6449
6333
6312
5628
7811
6591
6363
6145
6185
5974
5694
5970
6240
6223
6023
7773
5945
6583
6169
5949
5445
8184
6028
6323
6400
6707
6020
5650
5646
5585
5838
7727
6300
6644
6247
6143
5583
5937
6267
6030
5716
8090
6560
6214
6072
5944
5560
8297
6441
6517
6000
6213
5894
6356
6192
5880
6851
5579
5782
5766
8190
6768
6814
6174
6223
6490
6008
6451
5843
5795
5850
5869
5939
8010
6529
6026
6034
6161
5550
6241
8734
6282
6839
6311
6025
6268
6042
5929
5727
6361
6061
9923
6111
6511
8377
6702
6073
6262
6417
5666
5412
5742
7991
8906
6810
7903
5737
8635
6666
6444
6226
5821
5682
5592
7149
8294
6084
6473
6084
7894
5916
6639
6584
7777
5568
5585
6419
7974
6521
6380
5956
6149
6184
5935
6681
5577
5624
6274
5409
8506
39282
4225
4412
4456
4309
4278
4645
4437
4409
4051
4077
4490
4480
4380
6500
4530
4215
4703
4331
4211
5683
4654
4816
4579
4276
4281
4556
4212
4290
6093
4656
4488
4487
4756
4470
4126
4168
4395
4650
6049
4360
4661
4528
4482
4143
4567
4365
4418
5701
4560
4718
4765
4594
4552
4392
4042
6172
4650
4625
4462
5889
5363
4503
4823
4028
4509
4488
4417
5866
5435
4726
4500
4238
4539
4346
6297
4952
4951
4783
4394
4628
4253
4715
4336
3964
4621
4452
4360
4455
6047
5501
4312
4683
4988
4241
4398
4218
4506
6792
4463
4588
6045
4527
4688
4526
4305
4080
4080
4700
4465
4396
5609
4793
4724
4491
4125
6375
4846
4800
4793
4507
4491
4226
4432
4519
5070
5737
4618
4298
4242
4272
4155
5812
4509
4751
4587
4383
4233
4410
4293
4758
5957
4720
4564
4733
4219
4291
6169
4542
4819
4530
3995
4232
4359
4102
4314
4535
4027
4240
4462
4503
4540
4330
6002
4589
4651
4720
4638
4588
4361
4016
4336
4305
4197
6173
4775
4895
4938
5175
4599
4643
4182
4311
5158
4088
4296
4181
4117
4262
4511
3789
3744
3761
5609
4239
4187
4630
4219
5266
4220
4322
3868
11766
3886
4199
5537
4406
4101
4250
4266
4060
4220
4252
4333
4085
3585
4067
5692
3962
4218
4034
4356
3993
4367
3995
3728
3692
3983
5325
4160
4116
4312
3738
3999
5534
4103
4140
4362
4086
5980
4225
4120
4122
3965
3730
5545
4423
3666
5336
4001
4274
4234
4431
4500
4805
5593
6419
4494
4387
4545
4085
5410
4606
5023
4737
5491
4381
70926
4768
4031
4127
4657
4113
3857
3882
4136
5569
3929
4122
5087
4269
4347
4099
4440
4362
3869
4160
5632
4071
3933
4008
4299
4020
4154
4178
5706
4435
4332
3786
4132
4214
4132
6760
4118
4238
4061
3812
3815
4011
3965
4217
3821
5282
5190
5603
3831
3937
5327
4175
4153
4248
4203
4025
4139
4188
3632
4730
4157
15116
4674
5832
3741
3978
4020
3911
3686
3920
3900
3828
5341
4317
4911
4243
4049
4287
6201
5551
3657
4039
4152
4320
4006
5591
4256
4062
4288
24795
4018
4205
4280
4039
5278
4226
4605
4192
3759
3865
4500
3993
4978
4012
4100
4266
4318
3533
3760
4596
4114
4055
5221
4047
4449
4610
4372
3934
3717
3793
4682
4017
3906
4074
3570
3835
3839
3708
3807
4420
4401
4717
4151
4071
3871
5263
4095
4160
3849
3985
4019
3724
5522
3915
4289
4002
4481
5127
3478
3669
3600
8058
4434
4060
3908
3473
3629
3800
3977
4846
4101
4278
3840
3867
3630
3738
4072
4110
3654
5094
3743
4285
3820
3938
3589
4019
3949
3990
4866
4100
4267
3939
4062
4836
3841
4675
3772
4000
3659
3569
3556
3793
3979
5516
4049
4120
3892
5040
4309
3988
3749
4331
4056
4106
3738
5820
4065
3816
4021
5004
3854
4143
11862
3847
4281
3870
3952
4093
3621
4828
4061
4059
4253
3705
5045
4254
4095
4001
4200
3655
3705
4199
3765
3470
3987
3572
3922
4800
4297
3942
3683
3881
5207
3920
3993
3951
4079
3836
4004
3977
5084
4453
3987
3814
3863
3777
3974
7245
4353
4033
4028
4179
3721
3942
3741
5285
3765
3822
4003
4076
4098
5350
4091
4562
3756
3505
3971
5191
4060
4657
4076
4181
4039
3643
4898
4612
4385
3976
3994
4144
4060
3909
12025
3515
3425
3838
3988
5611
4235
4074
4064
3934
3761
4180
4000
3497
3986
4063
5317
4246
3913
4117
3774
3839
4190
3666
5917
4342
4071
4184
3823
4014
3553
4083
3810
5108
4175
10415
3965
4413
3945
4825
4087
4229
4154
4276
3813
3683
3889
4171
11820
5379
4092
4350
3887
4099
4177
3884
3942
5431
4380
3792
3800
4046
5450
4371
4551
3806
4046
4092
3637
4143
5250
4315
4238
4483
4122
3461
4168
3616
3820
3843
3928
5118
4282
4248
4019
4353
4844
4177
4118
3508
3763
4824
4331
4637
3900
3982
4086
3908
4255
5200
4345
4123
4012
3929
3978
3487
3826
4311
3922
5588
4311
4371
4195
4314
3960
4317
4105
4195
5248
4060
4642
4122
3782
3878
3833
3609
4423
4098
4443
5322
4211
3754
3717
4172
4079
3919
4010
4528
4052
5313
4146
4131
4106
4294
4061
4226
3872
4143
3819
4183
3769
6111
5158
4592
4027
3440
3853
3820
4026
3996
4023
3774
5207
4106
4449
3870
4154
4263
3764
3570
4317
5259
4343
5084
4160
4390
3707
3860
3865
4036
4974
4133
4124
4094
4118
3931
4069
3845
3774
4102
4106
5101
4196
4066
3921
3557
3822
5231
4077
4379
4355
3604
3880
3917
5183
4201
3978
4269
4130
3893
4233
4457
3342
3699
4807
4290
4367
4410
3417
3856
3968
3716
5449
4663
4629
3996
3756
3854
6237
4086
4399
4980
4643
5047
4502
4267
3973
3892
4073
4203
5410
4287
3976
4203
4318
3559
3650
3955
5014
4439
4604
3972
4074
4220
4088
3948
4173
3982
4836
4512
4777
4178
3774
3968
4016
4163
4060
4788
4545
4564
3761
4046
4217
3396
3986
3882
5327
4249
4440
4162
3731
3867
4127
3525
3629
3875
3929
5158
4168
4145
4338
4055
3566
3795
60147
15380
2669
2030
2140
2231
2539
2020
3355
2623
2220
2393
2376
2438
2299
2476
2283
1792
3064
2776
2492
2524
2348
2283
2385
2352
2166
2174
2232
1960
1994
3141
2326
2293
2390
2472
2133
2326
1973
2465
3285
2494
2383
2284
2610
2079
2060
2088
2491
2115
3030
2421
2473
2225
2060
1972
2090
2251
3097
2463
2621
2484
2278
2294
2367
2149
2036
10281
2129
3031
2332
2335
2568
2274
2096
2288
1968
2187
3010
2392
2769
2186
2222
2424
2440
2242
1978
2191
2095
2247
2169
2451
2786
2500
2957
2748
2661
1990
2101
2309
2503
2319
2000
1984
2036
1954
2258
2210
3536
2562
2467
1939
2183
2340
3310
2367
2197
2444
2249
2457
2405
2300
1964
1824
2162
2485
2105
3075
2403
2329
1866
2166
2286
2174
2120
2197
2296
2355
3156
2471
2443
2493
2567
1981
3086
2517
2207
2228
2776
2171
2047
3101
2538
2749
2524
2042
1968
2180
3144
2406
2242
2440
2359
2144
2553
2167
1779
2006
2736
3007
2562
2762
2480
2523
1833
1983
2561
2199
2093
3237
2417
2595
2847
2385
1984
2180
3040
2614
7278
2301
2499
2570
2328
2253
2288
2057
2282
2318
