### GLOBAL TIMES:
13454466
7905671
3029343
5160464
3326752
2688006
2910491
3707868
2705601
2527142
2373487
3002556
3339847
2187141
1760436
1747262
1398557
3502399
2403546
1732310
2010735
2614474
2067928
2543636
2066969
1304851
1460380
2185770
1438029
1663656
1892025
2561982
1393609
1734887
1788145
2500049
3704389
2650183
3770170
4696088
3011340
3109952
2392284
2836635
4248901
1800984
1562086
2702200
1602618
4756814
2091670
1518293
3171042
4847486
4090492
3516074
2972443
4386109
2903872
2403213
5594965
4069960
2762663
1606725
1959506
1963532
1883823
1639283
3623002
1440830
3370822
1328482
1691486
2227541
1040084
1685767
1475758
1421905
2348616
11282930
2464828
3779051
3436206
2583612
6272219
4167565
6331201
2808601
6133610
3981354
4113087
5904435
3694698
2636347
2020329
2248996
2975912
4238453
2119581
8316417
2854745
8032845
2092825
3950385
3330454
3316997
2081593
1707997
1915952
1626101
2191512
1583502
1489955
1162923
1469432
1157050
1120029
1012178
1566968
1218429
1929069
1777691
1222843
1608529
1642631
2286846
2731238
6887420
1794958
1610612
1208684
2516236
1368268
1510158
1384653
2471464
1439126
1962144
2157035
1414427
1710241
2633194
1291036
1139716
1368117
1018150
1196806
1420486
1279146
1222533
1072308
1287226
1152943
1234224
1794940
1631410
1030149
1062191
1115481
2412317
1267383
1453988
1200046
1290664
1149115
1145980
1134608
1202296
1020439
1325240
1175718
1746510
5551302
2617119
4271992
2831103
7399306
3697179
1074269
1777456
4182096
4511788
2850563
1930595
2629248
2779468
1387315
1095853
1053224
1097531
1069327
1154387
1105505
1265232
1450192
2182714
1054591
1089427
1055888
944167
1253017
948676
1033377
951178
947965
1135925
986337
1237615
1089070
2099462
1704911
2646768
2238351
2010269
1560099
2169041
1485063
1742528
1512352
1473672
1486597
1573009
1745043
1741402
1577442
1642591
2662080
1515042
1911390
1502389
2806598
1637072
1417395
1975217
1701204
1560974
1527631
2703932
1990400
1183136
1830204
1498807
1704210
1490335
6863681
3156750
2244499
4316748
2066924
1507387
2667543
2071745
2054109
1934208
2708411
1537292
2477274
1843688
1896818
1226164
1555872
1296120
1054339
2146403
1345754
1131279
1131867
988333
958516
1009596
1022811
1037557
1191490
2028811
1243887
1281121
1462627
1468563
1087145
1166110
1262385
1032922
1271238
1114346
984660
1667660
1277513
3361844
2471012
2358996
2292860
1868424
2362477
2378152
2106312
1799238
1167839
1671483
1143067
2541054
1665737
2133724
1731182
1442416
1757375
1473379
1614120
2386166
2090496
1618246
1723575
2424013
1987630
2162171
2133294
1989431
1985353
1949307
1368416
1638901
1678116
1610665
1740506
2047815
1811426
3804145
1143404
1385650
1321025
1152243
1350324
1175157
1400472
1287069
1178659
1225467
1186307
1557263
2021609
1748728
1362071
1426448
1183190
1288072
1403196
1749485
2154674
1139483
1093768
1246851
1085184
1317029
1188597
1055237
1181602
1183127
1983330
1380211
1462151
3544791
1111761
1287426
4569675
1324847
1846783
2028672
1075362
1227281
1409838
1188938
4747841
1854338
2879651
1940231
1716931
2294346
1759706
1971373
2333245
2724700
1673044
2543435
1753291
1331583
1411695
1065639
1230170
1215601
1192080
1392486
1079406
1203560
1535869
1153496
1210545
1024334
1266191
1129926
2666653
1302071
1189298
1447995
1142493
1050338
1208729
1076156
1334218
1328000
1988706
1431960
1158983
1264964
1410476
1337222
1295107
1198108
1326910
1621058
1186618
1247267
1136382
1065562
1308084
1145758
1159022
1202996
1659533
1351017
1415287
1284722
1478026
1257796
1356538
1363867
1338548
1100250
1413879
1278736
1632769
1526085
1925181
1635802
1361669
1329700
1780675
2230023
1394229
1518538
1495367
1085249
1387281
1825897
1572842
1482647
1659828
1165350
1377805
1364797
1271184
1571938
1165985
1114760
1172728
1548919
1314627
1315001
1205279
1301554
1526745
1203403
1531578
1140763
1229452
1128760
1173197
1997143
1167040
1300087
1336302
1353360
1214851
1279069
1106739
1112951
1087723
1244402
1232262
1224389
1861450
1161563
1418151
1522577
1137109
1331094
1088970
1094793
1155304
1180453
1315130
2180626
1239956
1136397
1189806
1259651
1195750
1209280
1166320
1104435
1175477
1122775
1302121
2802625
1287368
1322890
1287902
1639589
1190002
1157858
1190671
1196538
1104371
1181384
1965833
1462867
1481392
1759655
1461148
2276161
1964541
1488490
4149089
2542458
8259784
1646230
3176579
1782711
4041570
2110090
2122702
2789865
1904283
1626094
1669786
1221005
1342941
1303539
1360408
1210358
1342227
1274945
1345112
1896772
1357485
1341195
1750182
1449511
1649233
1453399
1231995
1463511
1359926
1185171
1780567
1368706
1698146
1246949
1915962
1387119
1255691
1410566
1229966
1577611
1341239
2802113
2449827
1772859
2453486
2845567
1841760
1795798
2038253
1706014
1611060
1625564
1749399
1539470
1175532
1746140
1281049
1253951
1272141
1274120
1226531
1222314
1419902
1819725
1356791
1328784
1271139
1238583
1598413
1816731
1282193
1631357
1239734
1711255
1404136
1375970
1335838
1238681
1161524
1847139
1630129
1495373
1198356
5125314
1288276
7865134
3131384
2991319
2023149
1750113
1286307
1800709
1281016
1666227
2001823
1507032
1497220
1411264
1251694
1410848
1291207
1446710
5775252
2708079
1263383
1534023
2413177
9716478
2117223
1802271
6204445
1501900
1241924
1406374
1234905
1902173
1568960
1322435
1270502
1818325
1341465
1496063
1306430
1328149
1242239
1316928
1433749
1262473
1765024
1357808
1495239
1330580
1350894
1348853
1291933
1381050
1468072
1373022
1550370
1267141
4586409
1338460
1325916
1305677
1446680
1306550
1257046
1346296
1228006
1212988
1406141
1369364
2063885
1703471
1529533
1576070
1594595
1438683
1449893
1476242
1433381
1250202
1550228
1476820
1841480
1545426
1439765
1340485
1456340
1248786
1974818
1405177
1479226
1435463
1282527
1465309
1417453
1471616
1358272
1468730
1254180
1711075
1355923
1352243
1278406
1324658
1271748
1337889
1401822
1804271
1401202
1388522
1242976
1423047
1318085
1381160
1354911
1696258
1742894
1464186
1689392
1396660
1396525
1292402
1352757
1618846
1846975
1441978
1355485
4409135
1775649
1300715
1284027
3683467
1337992
1339362
1354111
1358530
1378382
2211878
1314746
1320958
1205802
2589052
1407583
1400968
1495436
1276205
1449740
1504969
1708551
1635998
9861365
11339569
7365536
1533882
2249587
2034844
3038143
1531326
1739586
1366655
1300822
1350575
1217274
1341178
1255894
1375754
1301577
2071101
1470556
1263901
1490387
1389846
1518163
1601645
1409270
1396256
1253453
1354700
1690932
1257891
1862925
1338899
1363115
1254788
1424005
1235328
1229353
1448947
1470656
2785114
1306062
1328576
1309402
2248599
1462086
1285543
1288983
1333741
1375809
1418833
1884037
1461594
1337600
1282995
1333420
1321512
1313568
1647947
1299692
1861754
1917241
1754592
1496181
1488658
1444890
1341256
1420822
1567472
4457630
2054600
2118965
2086593
2521730
2812380
3344561
4658862
8561000
3847820
2949005
5816620
2071154
1292696
1905058
1801641
12594981
2962566
3044717
3468519
2994359
3629066
3651176
2795675
2548461
2241226
3029038
2612760
2780704
3141381
2399745
2717002
2549525
2575647
1437196
1405898
1388679
1580477
1539010
1456519
1475379
1477728
1477177
1538812
1586221
1510780
7876648
2013302
1738972
5077802
1766855
1512266
8009710
1563908
5257766
5817329
1903817
5533637
1553258
1655092
1660726
1685241
1817319
2252564
1587279
1798716
4103433
6325235
3369007
8316197
4014603
1733631
7930717
4327686
1446586
1798507
8027845
9570905
6040695
9093264
2018302
2011232
2212054
1442206
1409587
1335193
1319238
1279765
1449131
1539825
1576366
1507151
1553963
1561214
1689674
1580463
1910363
1677920
1706175
4126116
7298059
7618171
1679033
8254749
1944163
7988504
7656749
6297812
8141518
2357172
1590353
1522245
1643096
1311898
1439632
1570995
1473587
1673975
1801253
1492627
1563667
1892127
1407809
1517958
1396793
1313642
1535327
1513577
1578042
1568129
2017910
1421897
1689702
1518518
1472465
1443887
1590819
1598643
1616887
2170891
1512861
1683622
1666112
1508880
1663587
1629146
1539470
1929266
1617589
1572225
1560265
1723080
1484093
1493650
1568554
1404748
1413603
1368476
1395553
1304734
1541671
1582160
1851874
1508079
1717122
1661530
2239564
2277492
2707648
2305045
1992212
2180427
2954675
2031151
1491792
1564536
1705254
1581522
1951043
1825979
1566680
2181909
2167557
1506800
1454611
1571167
1443331
2243214
1543438
1487229
1465600
1510145
1499681
1543045
1578001
1609900
1636980
1634872
5593797
4102992
1479033
2142557
2013895
1730604
4113440
1782894
2064148
1650660
1479725
1518944
1580963
1510394
1397053
1826450
1408173
2126373
1390910
1424059
1607679
1445264
1464052
1603460
4181878
2076635
1469964
1387178
1541310
4386899
1319634
4754441
2290733
2056449
2368275
1976249
1639372
1533416
1465897
1607075
5932538
7647619
6467626
5987743
1450137
1413669
1368432
2417823
1459208
1496031
1731992
1501907
1471291
2046652
1498230
1603282
1559624
1486619
1528471
1513505
11819734
6488618
6400116
6741034
8527969
2058320
1914171
1907656
2253207
1458064
1591585
1543257
1678371
1355394
1905967
1666297
1591366
6184783
5573810
7800216
5424894
14028498
6600608
7258060
2122245
8217053
8529562
6473685
8608852
6449656
8102095
12403735
6837777
7109312
4957721
3677910
1435625
1449243
1904157
1697050
1515143
1563873
1493907
1519084
1405460
1528398
1573047
1448294
1429127
1655512
1480109
2401814
1730742
1830674
1484076
1434654
1574633
1422725
1421823
5834572
2206283
2036866
2626252
1851815
2278007
1927602
1932089
2862038
2358248
2371921
1696423
1522092
1520343
1653416
1512923
1556112
1542090
1456645
1734424
1504816
1572061
1748986
1483727
1752312
1640760
1456523
2195450
1557297
1484120
1643429
1691971
1624517
1556648
1558106
2096181
1607046
1534819
1525209
1909322
1496253
1447311
1901121
1844186
4816327
1531012
1754361
7494290
1555732
3075606
2428641
1648897
1560532
2001121
1410895
1430721
1976490
1483008
1419140
1521130
1445097
2078851
1695806
1607822
1630302
1449880
1500182
1631110
1459525
1454303
1778845
11096483
6005554
4636378
1802293
7548174
6717154
17184360
8089145
2689074
2055826
1657014
1555634
1537046
1672710
1649986
1502211
1561014
1562333
8534235
6543338
5245359
5181595
2227456
1681965
1861732
1748313
1823658
1691907
1611993
1604709
1618333
1471457
2231727
1536812
1609642
1769065
1435419
1618288
1584879
1504174
1497397
2123829
1570533
1696019
8289118
3089673
9295319
9152878
10181925
4944551
5522877
5692692
2246121
3060334
1770016
1725633
1497083
1617752
1483364
12039600
8741810
1887935
2469099
8414494
6757598
12965345
7757557
3397047
1859468
4508323
26776389
8595879
5530369
7338585
10361305
8507340
5839316
10262770
6083864
1571541
1531411
1590766
1622029
2238052
1742125
1561506
1649030
1763247
1604302
1878914
1511124
2480560
5872746
5789125
2056046
1947484
1945300
2225515
1902406
1973957
1930309
1637065
1843138
1741450
1813571
1741231
1751136
1559323
5567405
2366385
2401211
2506530
2479002
2227078
2407273
2435631
1735700
1776071
1982140
1738468
1818597
1818493
1820925
1804601
2056759
1791017
1775459
2181684
1791968
1833734
1727353
1713797
1779657
1738801
2072561
1664728
1824646
1713440
1952847
1734803
1744774
1832255
1707299
1790488
2094015
1619288
1658892
1654418
1825804
1631399
1713425
1861640
2146278
1806453
1740020
6484914
1772464
1857778
1783871
1564932
1676463
2089835
1612663
1771788
1715164
1679352
1664643
1934128
1609035
2051592
1612072
2015932
5474733
1679423
1736309
1769411
1723925
1735847
2553056
1801526
2078615
1848058
1924998
1709993
3007348
1964391
2253499
2355359
1661972
1737247
1702327
1601308
1624092
1683581
1785486
1600419
1627774
1606857
1643928
1670731
2107346
1556410
36486129
6419289
9452734
10998123
13109887
25455843
7355711
7819192
9379880
10095299
11749546
7667794
2555063
1880394
1847748
1778950
1822736
1888104
1861588
1700590
1774763
1998300
1912679
1771203
1783806
2241305
1632426
1720932
1717547
1593190
1584008
1718687
1681020
1608912
2196915
1753175
1880320
1941222
1817981
1586526
1870926
1574247
1727484
1808272
1859123
1772068
2091748
6466648
5953168
1862968
2331975
2045853
1764823
1890502
1729295
1904811
1854776
2868836
1815317
2033521
1803424
1934255
1944583
2205588
1898040
2092846
1829740
1782511
1977237
1705758
7267920
5974147
2820948
3165151
2942400
2980802
2480567
2355387
2705192
3556742
1699027
1768467
1746585
1693420
1576189
1823282
1768338
1733805
1837602
1723349
2325762
1691414
1848172
1799008
1871508
2124423
1907723
1810316
1853133
2070461
1775201
1791904
1636958
2925982
2076473
1652725
1701205
1842154
1892279
1920158
1765846
1609860
6056618
2137209
1865495
1721316
1861410
1849909
1740178
2014019
2004543
1943124
1905147
2111065
1868401
1814088
1863927
1889931
1752169
2047677
1872909
1861580
1707278
1995874
2037886
1666575
1781691
1661279
2119256
1653350
1736851
2126878
4808222
2600412
2098968
9477810
7668465
7549297
1837706
7422439
5583117
2074949
2029271
1894276
2060893
2133091
4510312
1976569
1842256
1885003
2155531
1861156
2162801
1950083
1872988
1849839
1931487
1936678
1808945
2000287
2080166
1951082
2030882
1849308
1906886
2112161
1813451
1879977
1908597
1911000
1955426
2080929
2673739
4098292
2654058
1778714
3198153
8299815
1943465
2083181
1977173
5025880
2771290
2498331
2395798
2251721
2561358
2709638
3135490
2364347
2737482
2046953
1897092
1838201
1714873
1792143
1692964
1624269
1931516
1808042
1693896
1917616
1737857
1628526
1640033
2338676
1612215
1838577
2240348
1684146
1673733
1716679
1817096
1608210
2395573
1697907
1766796
1835702
1622061
1674185
1949013
1629362
1683570
1708402
1599077
1715696
1763381
1774251
1691476
1774917
2176704
1725151
1663145
1586566
2528420
2225438
1821655
1768229
2175630
2351386
1726524
1698581
1806703
3178190
1784686
1818251
1838044
1721541
1860692
1700505
2557280
2812956
1795912
2042687
1830746
1911256
1993208
2259742
2391746
2166596
2199263
3177088
4738627
2524314
### METHOD CALL TIMES:
158082
57245
100343
65305
42012
41537
44056
65543
41480
33840
25934
37681
43170
33977
33025
31506
88228
55274
45475
33510
37911
45906
35678
44285
38758
33007
34061
32089
30080
88064
42172
56501
38449
40000
48088
58679
63311
59617
69949
93830
55892
75296
51134
63275
64986
50936
55707
55826
58171
46141
49455
55182
64144
186195
87508
70765
202711
97471
51403
65548
457100
127052
74947
65611
93838
95455
95713
99721
148689
52567
63013
63475
113596
55244
42757
74396
48574
51710
53690
89448
96046
53314
69337
90113
408570
73107
312645
102406
101396
87143
91393
364542
90040
202909
65689
67640
78204
91120
101803
64561
77762
85807
78143
250031
76832
77356
67545
61454
72735
89488
74437
62261
53678
62569
58802
52601
50139
50623
53196
56154
76257
66993
55971
63743
67361
79548
83388
644678
65785
86241
63074
95623
59600
72115
66320
106571
65520
77669
140834
72652
66594
86941
73092
62058
74287
59492
60178
89679
66731
89329
61543
64100
67667
71078
125339
86353
63601
66371
61061
209468
122266
86139
66448
71126
67905
75839
67437
66993
67896
86526
86047
100246
114732
102962
106532
465625
461769
78398
67110
90313
383790
116644
161717
102448
128948
140642
78773
78963
75684
72595
74980
81820
70819
77409
78256
148132
80015
90632
76563
71166
72322
72460
77885
72294
70125
80564
71647
76472
76680
135852
96242
120955
101240
128216
97146
95930
102130
93979
96813
82676
90065
91845
101803
93032
115089
90833
122960
89294
83665
85851
97259
116985
116016
94440
92257
87722
88667
130878
111403
88606
132425
92591
134825
113408
158887
130086
106074
124606
149293
94976
109714
118595
95351
124430
270633
101668
289713
146309
139982
96799
93597
89990
90752
121362
92563
92115
89350
88240
85530
87040
91016
91801
91387
148242
103012
98428
172726
136339
92845
90161
99681
92720
95832
92440
96797
98956
90517
111630
302711
241778
165642
130911
132244
127628
124234
122654
92616
128174
99054
160546
149920
120566
108019
126407
103140
107263
124989
113919
116290
115958
143769
106137
104406
105468
107590
104745
121053
112750
100042
118366
106559
113821
112382
118780
142685
370714
123743
116723
109868
101864
105990
111584
200983
139375
115487
104479
111095
113945
127938
150690
117843
125620
116360
119049
131320
133969
232440
119554
111478
111709
106889
118693
190081
108532
111880
110729
152052
105700
118084
153785
107004
103389
500495
108260
117187
177258
102664
106445
214111
109675
188538
139007
129350
122847
124119
148367
142149
179029
116211
141864
161006
160479
191026
118088
117252
105557
98504
105199
104283
128192
104555
102947
152497
114142
117018
102994
133190
113039
311281
108879
106836
123201
123178
108956
115105
109415
126646
107988
181790
134245
123751
170984
150927
124974
115122
119210
132952
112022
118637
114829
136605
115929
157089
130046
131371
122910
175134
135469
165963
138143
130011
132549
144755
136436
130731
115739
132065
133211
143054
137499
165051
146089
126629
141896
143418
287299
143288
143480
153155
120566
177776
150100
145057
129120
145994
120939
120958
122310
159550
135143
120985
123264
138716
137886
139171
132680
160075
129542
180056
126559
133457
132377
126303
126979
127642
189257
140256
167193
133931
132041
123070
139796
127978
128345
128609
139380
134674
129943
194357
141627
144466
141498
136749
146944
129959
138652
142774
141707
144281
197198
145054
142408
145398
143577
144659
145179
144660
137775
132640
141742
144880
200174
150131
145859
144009
144736
138205
136585
135174
135003
135003
150878
292273
153699
146470
194063
149633
232341
241051
154271
212267
236186
229402
215873
275881
156007
213234
164007
171980
192088
176092
163211
211477
156737
161840
151916
155811
145454
164273
153990
174566
272567
171771
172851
215861
239586
185603
233104
152291
162397
164895
153888
175387
159986
237124
157764
195942
192766
149208
161336
155005
168548
158970
218247
237251
172126
256658
215296
176157
216494
247558
185845
168778
170906
166092
168261
150935
223560
167869
168648
164880
160223
160393
160682
167299
229643
168205
220857
164671
160707
223552
289986
161071
211427
163304
157461
175672
155421
157938
173585
153817
235740
232837
167645
157186
421128
180817
263539
195749
255656
396650
280635
186420
235064
178306
169689
251628
182037
191925
201503
166555
167359
172725
173060
544081
751775
168790
276801
195598
1179693
269006
214678
830748
166984
179387
180886
165628
243400
182421
184162
173728
253820
187623
191013
181615
190417
176006
173601
206357
174893
256040
190952
193870
186347
189532
196144
184163
196122
196099
187939
262602
177277
794591
181078
184174
172011
190182
190717
189223
216429
176666
175002
184286
178008
314937
316064
207819
204415
217036
185728
224122
191490
190998
180200
214134
204408
261661
204799
194747
189083
193625
178171
269863
197283
205932
188239
193530
195137
205468
260322
180195
198845
183370
270523
202679
199940
191149
199984
193693
188345
186417
275734
203053
204047
189691
196531
187078
204557
205525
258663
212528
215917
198192
184691
197189
194404
212729
207948
252636
207704
197299
1436766
197398
191762
191386
600864
206596
209545
214425
191897
209997
320201
209054
209841
192113
190101
199746
208275
234600
210539
218400
213578
231015
231059
1911137
1226755
350623
217707
271777
293658
434465
232903
297336
223431
235730
211325
203118
223977
207742
223581
215754
322635
222633
216278
238046
228959
270450
271475
266403
217417
203676
227966
285882
205296
317134
224800
214061
258840
226226
213877
213479
223151
215207
309955
227378
227058
229762
315678
237088
222768
221945
210285
233580
236156
313767
237209
233794
222088
214145
212846
232502
267450
214385
267420
332889
320367
238420
234718
234924
241669
219658
235453
369508
238395
282080
262774
268521
257781
403480
398939
1151832
1148448
258058
798291
244886
220068
328421
397364
846650
382435
516180
332486
328767
582766
995186
348562
332919
315495
444857
348991
510765
352412
330922
382578
343754
329699
245464
234529
247060
248447
264960
262591
254323
244915
255358
258928
254153
251412
1451318
273423
233157
901095
269902
238447
1491527
257693
774575
935248
293399
1243524
252961
308655
269535
263927
321970
481881
257014
254291
403861
1758868
339379
1859531
1902556
271734
1321829
257658
237404
266966
1439617
1158987
834028
780600
310267
284218
377256
250541
251654
242873
229878
233652
229843
240812
248601
325455
250527
260905
281705
263247
261112
259774
265442
348177
1213720
1203856
282683
1201363
367688
1345928
975399
1136065
1424290
283206
264249
240574
251377
243736
237882
252152
255381
262227
323963
254760
255910
350616
260449
269476
248202
239046
260247
256470
259012
258027
354965
259252
275500
269140
248892
241581
284169
267874
257831
378100
263593
346453
289207
258755
272769
262340
261159
356644
265153
268394
285134
264129
262364
274254
266596
263665
267605
239138
261172
238064
275383
273364
360866
303895
273752
278236
380165
299505
314632
433603
290008
366078
325845
356611
266031
282142
282842
285952
270131
279826
275303
564681
443988
297549
287366
266002
270053
595036
280547
265560
268136
271600
279647
327785
271948
325369
378061
293717
872269
436661
270295
287762
408346
270648
437851
294035
386118
283987
287913
260051
283995
259351
283435
292906
261501
424721
282735
287286
285572
263093
286606
307934
868981
328447
265616
263470
316251
1332509
254512
429332
295151
353682
463023
409338
316940
304176
300610
326375
1207033
1422405
1148758
1361965
296743
310020
274755
409019
306979
298639
381838
278286
307251
420273
301121
303149
303621
318687
282119
302621
1428467
1138914
883109
1184644
1613925
421224
308349
369765
338934
283947
312787
296904
299162
282597
309618
357360
310110
1071955
971108
1417745
1220678
1751896
1004401
1587794
336394
1512448
1241980
1197264
1339405
1739063
1269846
1802556
1037798
1365041
985914
1007840
305464
296929
424947
314650
311647
303174
313910
300000
286879
288193
312534
310260
300535
294224
284315
452033
337589
410022
305980
293465
339142
292533
294064
473262
333779
321286
302949
332923
406728
340627
327397
348348
349572
438522
323877
319272
324795
330641
323712
298154
310804
304568
327003
322280
325180
455139
314831
325354
301743
305842
429700
331514
306781
308839
424030
329280
302766
324286
368635
339631
327104
320160
323618
308013
302858
309897
315028
483275
313788
328844
1153982
297097
545770
496764
344899
333276
349473
300302
310222
449356
308765
304174
306009
304805
454052
331972
357826
422971
309030
308149
408954
308383
306357
340504
1509384
1126680
1619042
355245
909602
1205700
3612040
1841391
802780
470332
337003
324669
338680
368655
342940
310872
325271
330132
1533923
1087468
1045032
975805
379641
363389
348355
356934
327608
332386
364543
332578
339081
317614
460790
344032
341765
337490
311537
342055
315837
319394
333942
474056
345640
342496
1225681
1192596
2217337
1878605
1611320
1113518
1031860
1140589
506127
567089
382081
356198
323884
349019
341965
1814554
1656297
364139
430373
1577797
1204089
1914859
1902758
964688
374544
412595
1279041
1430489
1399290
1187240
3731595
2312705
1116340
1455544
1171995
340506
329294
326391
329262
490642
359369
364476
414656
424246
327823
384023
327346
549929
1258312
1147914
434989
358138
402477
577850
401000
381815
452162
358143
371467
368871
433765
375777
388179
348936
495181
432452
446112
436868
421254
390281
405333
524518
365605
396187
377381
387760
358686
377105
370984
361919
427891
394948
389001
505927
465241
395083
377244
364822
383024
379872
511499
375083
429067
383535
407397
383557
380458
386057
381530
377773
498024
362362
393315
368331
367469
349657
352026
426050
498976
375241
384485
376837
377401
351328
375508
362818
353614
505587
375478
371940
388216
376701
407980
375093
339795
512707
369229
386701
404029
379539
371161
359028
372595
375652
575852
377660
392357
392035
383193
368899
456644
419829
507753
525182
392048
388126
372985
353223
358525
400521
395581
359798
406448
375322
371317
384729
402706
364107
2248262
1531538
1432135
1887538
2102926
1684530
1652577
1763872
1843824
2117320
2077615
1476289
559212
502366
400080
402265
389419
407468
493565
401275
386459
407085
388365
388309
400955
543143
404991
456761
409423
369874
366452
405949
414257
387839
561916
428713
478072
426263
404771
396983
413774
375230
394312
390439
410745
416730
562436
1743860
1543853
411574
493626
428845
410324
424625
412895
405415
442924
547412
440351
510278
444747
443290
400981
412385
416297
516486
401865
395781
403842
393031
662813
2702720
704915
716146
623146
629135
506602
528723
551378
573844
412226
396496
466528
404119
390482
410852
422691
419059
422523
425120
562687
420682
440081
470421
398805
525234
423287
421058
424797
579182
485167
426484
413689
568516
566152
423640
400671
422888
411939
426250
405027
397447
570645
574931
403164
416678
472620
407345
427772
427810
457706
437851
428128
579680
427186
485304
441476
421729
430265
434192
432863
497293
425048
415265
523267
395392
422174
418086
425102
419940
421169
548547
604924
642201
413659
2474747
1937480
2449697
448618
2028933
1371250
461534
457847
438533
649165
440110
1499488
468053
447545
465563
587546
459792
581028
447649
454775
462941
431290
442242
451038
454420
458045
422570
449780
443668
450387
461117
440732
441269
481531
458949
444953
464630
556467
1227989
734115
452328
735201
556794
441268
529040
494715
557221
829439
440161
458666
455586
419161
491302
449106
466353
460524
512005
468483
443432
432515
411076
413518
407968
417797
413123
411239
449583
437527
413520
404060
737364
402536
435223
589650
438467
421972
415600
440043
408351
630751
437004
417344
401266
412046
440899
419357
403672
407327
405425
404188
405106
401639
419784
405366
431882
610859
448489
445226
413732
772821
528442
456647
450016
479510
535568
450649
423162
442819
618687
460458
421818
466118
421562
422625
420126
643118
670437
464271
492465
456379
459314
555808
464270
495188
679989
568706
597176
472641
681583
### ASPECT TIMES:
88454
11393
69490
11902
8821
8588
8805
31429
7334
9865
6377
10000
11433
6773
5856
6620
62382
10149
9907
6967
7346
9282
6790
10418
8552
6262
7058
6166
5415
53589
10115
13165
6604
6893
8686
8997
9912
9524
15916
11231
8426
11694
6920
6966
8629
6789
5707
6605
6165
6061
7610
6951
7298
62737
14091
11437
53095
16984
7406
9020
55730
15941
10540
8942
13421
12620
45744
52613
15991
4161
6090
5779
13401
5687
4330
9550
5668
5987
7056
10506
23870
5491
7078
7900
25805
8285
36806
11376
10754
9924
10394
26894
7790
7297
4747
4454
5857
7115
9639
5187
6331
10236
7502
27613
6693
6728
5114
4635
7224
6056
7274
4752
5195
4583
5122
4827
4063
4193
4192
5224
5233
5111
4453
5379
5291
7389
8126
533432
5390
7997
4694
10182
4889
6405
6145
8455
5609
6982
15457
7523
6020
8802
13210
4388
6191
4188
4219
9045
4615
26423
4355
4629
5838
4747
6993
6333
4669
4912
4292
14167
5028
6587
4098
4755
4606
4899
4374
4395
4509
5362
21533
23102
8257
8083
10489
365480
36790
4879
4354
7628
13599
9805
11215
7940
9763
11261
4642
5173
4757
4259
5059
5239
4281
4660
4979
9137
5282
19382
4898
4387
5005
4405
5535
4176
4200
4488
4131
5919
4550
7161
6795
6873
7239
6449
5335
6026
4817
5166
5971
4370
4637
5422
5547
5195
5394
4825
5787
5603
4353
5146
5667
7020
5524
15674
5860
4847
5071
8026
5081
4770
5230
4973
10140
4664
8787
8744
6076
9012
9851
5645
15290
14900
5481
6472
10576
5248
7988
12765
10351
5511
5861
5374
5290
8570
6611
6444
6244
6185
5601
6378
6406
5911
6370
8520
6015
6148
10343
8093
5897
5558
6215
6192
5763
6292
5492
6321
5903
6823
57469
12937
12111
7775
9760
8305
9376
9685
5794
10327
6466
9750
7096
7250
6923
6594
6812
6348
7181
6883
6512
6087
6895
6275
6121
6213
7171
6317
6482
7292
6081
7002
6752
6461
6799
6335
6720
16140
6499
5972
5706
5757
6218
5591
9912
6066
6346
5738
6353
6248
7707
11766
6925
6693
7022
6650
7701
7911
8212
7160
6068
5990
5700
6857
11620
6470
6576
6569
6171
6103
7221
10067
6285
6084
24935
5446
6259
10066
5885
6631
9523
6792
27515
7063
6105
6278
6251
16995
7774
10246
7040
8120
7191
19175
9497
6631
7138
6110
5322
5877
6083
7499
6166
5705
6881
6885
7100
5609
6029
5876
9635
5979
5562
5767
6738
5663
6374
5888
5789
5661
9904
8152
5694
11349
6189
5920
6063
6140
6593
5441
5763
6005
6363
5659
7691
6107
6357
6800
8426
7813
7045
6853
6487
6978
6779
6903
7147
5708
7280
7075
6674
6827
9979
6830
5770
7554
7280
23751
7528
7179
8962
6674
8522
6937
7088
5780
6855
6124
5728
5678
6891
6501
6177
6361
6243
7706
6696
5909
10794
5834
11947
5703
6206
5675
6730
6553
6511
8608
6612
6681
6547
5799
5260
6572
6158
5563
5866
6190
5960
6100
8691
6176
6501
6051
5875
6055
5592
5518
6365
6588
6557
8153
6065
6283
5889
5788
5968
5712
6725
5898
6478
6000
6312
6452
6328
5870
6205
5679
5571
5784
5855
6071
5635
5970
11980
5940
6403
14384
6501
14916
9131
6529
16132
9486
9385
8542
12815
6453
18405
7411
6966
12766
6866
7430
8353
6164
7028
6154
6470
6424
6691
6346
8001
22530
6647
8307
8509
12840
7468
24556
6496
7317
7116
6717
7941
7163
9436
6140
8676
9337
5562
6898
6762
7647
6102
10669
10363
7208
8678
8532
6593
6718
8195
6318
6906
6101
6979
6466
7017
8367
6714
6525
6737
6528
6248
6533
6426
8511
6549
6443
6826
6877
7296
12663
6376
9349
5920
5913
6608
5956
6232
6135
5806
9009
7113
8699
6299
11830
6796
14621
7738
13020
17336
19146
6692
9588
6857
6173
8779
6507
6939
6550
6123
6006
6341
6218
15805
9396
5879
8674
6382
51726
12019
8560
31798
6446
6418
6807
5766
8148
6431
7154
6131
8317
6449
6595
5834
6564
6143
6769
7970
6009
8538
6178
6954
6610
5980
6489
6365
6569
7107
7037
56901
5940
58786
6161
6232
5839
6159
5965
6819
38507
5264
5377
5655
6200
11223
8857
6565
6885
14744
6029
8723
6733
6624
5999
7524
6688
7577
6019
6048
6342
6300
4969
8553
5795
6023
5553
4779
5931
6575
9214
5916
6401
5477
7569
6014
5789
5532
5600
5630
5515
5716
7702
5778
5820
5609
5400
5743
6126
5894
6934
6459
6748
5548
5262
5962
5506
5389
6217
7926
5945
5636
51891
5767
5719
5197
14682
5768
5767
6156
5539
6076
10442
5468
5912
5132
5718
5281
5926
8579
6446
6598
6944
7013
7455
47312
50541
11609
6722
8683
8968
13044
6712
7360
6483
6228
5477
5344
6529
5841
6364
5742
9355
6117
6070
6823
6265
6109
6714
6685
6090
5718
6817
9031
5456
8527
5791
5667
6473
6271
5855
5447
6515
6213
7967
5788
5806
6263
7673
6546
5559
6325
5757
6226
6113
7426
6548
6140
5489
5405
5474
6113
8893
5348
6951
7788
8292
6110
6107
6697
6519
5047
7085
31443
5912
6019
8213
8097
6780
12671
13865
29363
15059
8755
25290
6431
5949
9577
14639
16963
12847
14205
11341
11967
37850
18788
11914
11283
9007
13567
11002
10863
10639
11715
12644
13296
8101
5758
5749
5924
6571
7651
7220
6445
6144
7290
7145
7349
5944
25415
6948
5373
20731
8483
6187
44020
6234
16123
20208
8642
28742
7563
7312
6852
7682
8093
12009
6813
5792
11738
60437
9164
45678
267780
4623
21624
4295
3586
3698
24173
20290
15341
37805
5395
5039
4714
3960
3707
3726
3785
3463
3918
4129
4569
5409
3668
3607
4555
4577
4506
3963
4109
6385
20904
17056
4914
22267
5701
22058
12240
17827
22775
4675
4359
3540
3786
3763
3512
4432
3887
4485
5536
4889
4390
4826
4289
3830
3794
3753
3658
4041
4347
4179
4689
3845
3871
4050
3732
3611
3931
4666
4641
5900
3928
5286
5486
4323
4256
4570
4666
4557
3660
3907
4160
4003
4250
4076
3755
3637
3684
3466
3470
3504
4219
7788
4471
3292
3893
3898
7210
4283
6750
5702
4477
5962
3785
5932
3830
4098
4476
4410
4563
4686
3818
4829
5000
3840
4717
4123
4206
17353
3881
3548
3640
3792
3938
4816
4422
4339
5616
4305
12357
6732
3877
3537
6818
4618
8847
5374
4958
4011
3751
3553
3794
3631
4264
4798
4061
5663
3743
4473
4315
4140
4443
4263
12214
5825
3920
4032
6026
22229
3350
9473
7843
10562
5928
5442
4597
4037
3395
3859
20088
21272
14969
18718
3714
31397
3388
5351
3616
3575
6210
4144
4257
5181
3366
3666
3568
4017
3410
3479
20570
19184
13521
17167
31818
4660
3788
5149
6647
3740
4362
3652
4781
3842
4464
4726
4322
18140
14203
17207
16016
36183
17623
22471
5328
26914
24888
17849
20678
21757
15629
28106
17634
14572
15877
4160
3898
4048
5205
3583
3878
3624
3933
4012
3768
4171
3914
3652
3581
4368
3373
5289
5073
5301
3511
3952
4832
3680
3750
16931
3627
3814
8130
3569
5590
4082
4068
3943
4126
5800
3772
4015
3546
3955
3811
4288
3727
3754
3994
3898
3493
5856
4016
4063
3743
3646
5178
4003
3538
4263
5813
3590
3680
3478
5337
4186
3546
3870
4113
4225
3462
4377
3893
7310
3400
3732
19630
4413
6766
4572
4146
3979
5461
4024
3520
5226
3753
3673
3534
3737
4562
3934
4246
4580
3878
3698
4714
3726
4280
3764
17927
17592
23943
4276
27172
16616
1262004
25297
6644
4598
3680
3923
3760
7420
4186
4070
3458
3997
22385
16392
14935
12683
4583
4127
4671
4341
4238
4902
4771
4399
4898
3553
5080
3813
4120
3723
3863
4013
4103
4044
4179
5111
3957
4436
17076
5363
30335
28811
23830
16917
14141
14834
4936
7715
4186
4012
3932
4324
7037
26078
25672
4361
5730
31266
17657
24323
27027
6140
4609
5613
24884
21602
7728
14988
28400
24735
13863
14098
16398
3340
3801
3722
4007
4551
3529
4117
4292
4667
3967
4105
4134
5548
18803
15681
6123
4027
5272
69042
16203
1994
2364
2039
2080
1863
2441
1934
2725
2008
16623
2610
2652
2593
2800
3029
2748
3378
2248
2575
2164
2444
2049
2045
2697
2722
2416
2424
2403
7555
2320
2293
2513
2861
2282
1943
3529
2197
2759
2194
2288
2183
2166
2248
2021
2094
3569
2027
2391
2488
2230
2061
2801
22698
2682
2001
2299
2480
2721
2317
2601
2244
2151
2756
1892
2103
2429
2188
4032
2963
2489
2649
1915
2246
3006
2236
2204
2766
2793
2351
3182
1974
2050
2280
2611
2615
2555
2619
3433
3205
2317
2064
1916
1852
1866
2150
2158
1948
1872
1829
2231
2291
2973
2532
109302
83072
132660
17242
13217
44284
8627
12619
27948
21637
18797
16620
3158
4648
2254
1930
2245
2356
2038
2037
2871
3034
2664
2072
2103
2619
2026
4877
2921
2724
2692
2473
2402
2164
2847
2274
3436
3781
2144
2015
2540
2495
2082
2562
2811
2972
2854
22562
7935
2252
6007
2259
2416
2709
2689
2173
3419
2565
2500
4682
2854
2597
2095
2439
2571
5020
1919
1865
2399
2574
7456
26918
5721
6580
4235
6190
3101
4234
3725
3699
1959
2131
4708
2219
2373
2923
3121
2024
2480
2441
2464
1894
2444
1822
1748
5181
2338
2376
2187
3327
4259
2457
2365
2590
2327
2189
2003
2029
2343
2765
2467
2256
2927
4524
2609
2403
2084
2368
2170
2733
3046
2620
2583
2280
2217
5166
2113
2301
1995
2570
2028
2329
2072
1752
4222
1876
2438
2576
2142
1742
2656
5526
3954
3609
2061
23490
17827
37772
2159
12921
9055
2849
2397
2282
4610
2060
6771
3997
4930
2387
2852
2701
4731
2143
2492
2561
2336
2490
2203
3145
2679
2277
2471
2660
2206
2489
2207
2063
4331
2517
2840
2871
3580
16453
5002
2215
13902
6371
2613
5482
2795
26516
2793
2428
14546
7529
8185
2482
2854
15889
2827
2560
2259
1868
1924
2133
2144
1833
2461
2259
1891
3180
1998
1895
1820
5455
2323
2031
2585
2006
1987
2184
2229
2310
2819
1951
2205
1946
1896
2195
2283
2053
2252
2067
1760
2174
2364
2458
2221
1997
2866
2157
2316
2086
4848
2658
2230
2312
2693
3894
2473
2186
2672
2445
2125
2352
2552
2538
2370
1918
4594
5251
1873
3204
2473
2218
2519
2703
3909
4290
2690
3181
2898
7293
