### GLOBAL TIMES:
17644801
5477309
3088838
4846884
4018186
3254903
4844599
2763597
1893273
5245979
3803247
3164957
2441948
2717787
2017685
1701608
2206334
2644736
5061052
3199129
6874895
4405271
3538220
2495785
6131375
3487939
2265285
1559997
1167611
1435628
1214920
1887068
2296827
1321428
1345355
1105017
2170298
1953297
2322564
1636659
1815149
1236258
1241669
1503699
1082502
1359220
1121842
1283913
938160
2016193
1255726
1235488
1152579
1016653
1155336
1264781
1129252
1013366
2356531
1123054
1144632
1238381
1274042
1215332
1225399
1007940
1238540
1242670
1163789
1857459
1245215
1199035
1155045
1401245
1138573
1071482
1466741
1092831
1474401
1442541
1033935
1188120
1081251
1052269
1232027
1105560
1099526
1074343
1672181
1355215
1306406
1140391
1110130
1071879
1121923
1944241
1348306
1242971
1064332
1194602
1246069
1220404
1302910
1145372
1545082
1125946
1312550
1210254
1098702
1069771
1163123
1207325
1144314
2227767
1809647
1496784
2163759
1440180
1741581
1355325
1212117
1238242
1792507
1477645
1263504
1086614
992282
1403360
1078124
1134124
996729
1074581
989651
1598708
1197227
1366463
1122724
1175944
1141436
2020083
1797307
1742875
1621962
1452970
1508426
1749212
1701905
2065213
1366076
1090626
1127823
1036669
1080303
1975523
1245479
1419248
1340765
1330242
1226986
1240323
1359323
1133855
1138270
1148647
1248032
1757229
1129644
1319497
1057021
1136039
1145325
1098923
1006246
1051779
1078028
1778218
1196773
1096188
1107753
1031894
1019827
1450309
1679628
1380281
1076650
1640902
1415400
1504719
2030821
1159210
1171642
1223955
1213824
1136327
1208740
1081422
1182411
1449828
1627287
1357074
1327902
1100698
1276070
1042041
1328732
1138328
1198013
1242040
1449720
1109411
1360228
1034188
1057227
1152722
1060364
964279
1022082
1579544
1164064
1179927
1150083
1206364
1104128
1038939
988076
1693684
1180937
1184660
1230005
1243307
1045412
1082339
1316351
1185666
1134995
1024232
1096737
1224653
1099178
1624500
1129021
1315161
1396756
1141834
1241016
1135885
1037613
1059223
1825695
1385992
1221944
1324178
1239094
1111448
1931332
1126207
1110529
1292063
1062950
1239143
1031790
1021659
1093088
1047391
2832309
1656526
1436671
1284765
1239794
1293524
1260688
1597346
1244897
1119284
1132300
1138548
1212735
1935624
1258502
1323679
1271730
1163058
1207467
1223962
1327547
1371919
1632720
1217040
1269217
1159908
1242317
1199513
1368272
1377617
1305486
1444150
1182141
1130632
1648852
1273129
1330605
1448920
1319365
1342331
1412518
1228941
1371887
1525146
1096605
1171222
1210524
1180893
1194325
1050221
1021253
1025531
1171975
1099424
1083835
1031196
1578952
1293603
1244370
1321771
1330293
1430343
1350844
1250993
1116155
1138898
1721729
1165035
1265878
1215203
1188898
1234809
1202312
1153098
1274272
1273894
1169558
1271246
1500588
1344447
1201421
1121362
1147183
1987466
1447448
1309666
1411356
1212946
1201383
1537096
1094746
1271915
1063727
1418403
1072299
1245528
1175440
1132662
1200976
1281324
1237516
1260548
1147003
1115193
1058307
1176973
1626466
1222508
1143699
1136411
1224408
1226272
1277588
1100529
1181097
1207930
1082317
1105151
1631296
1423418
1325831
1409617
1433003
1390623
1229141
1405510
1173482
1285457
1206649
1182966
1114778
1262183
1152439
1196124
1228909
1187756
1636405
1479139
1236656
1403317
1368114
1251788
1192328
1183698
1513012
1158053
1261192
1142677
1145988
1116801
1111544
1045652
1196315
1080226
1038673
1660901
1213006
1260017
1223213
1141368
1248177
1328785
1223344
1234802
1108666
1305957
1152072
1113299
1183832
1191553
1771499
1294729
1213671
1308597
1174367
1140096
1158421
1251594
1245777
1219850
1126586
1149347
1294309
1237416
1853012
1288465
1244313
1280109
1507278
1293060
1246546
1546379
1307606
1141965
1372530
1247750
1217715
1149341
1293511
1062479
1166260
1144420
1462012
1508188
1100581
1153099
1287097
1094545
1133672
1591825
1325347
1202418
1273166
1260267
1232318
1494177
1157860
1106493
1124921
1183349
1976382
1457549
1339066
1264294
1349447
1310376
1189633
1302697
1540720
1290163
1389356
1190167
1877195
1261219
1294865
1236900
1430430
1204741
1215739
1599948
1324921
1159734
1275362
1725838
1203077
1165472
1162913
1960929
1224161
1288613
1354829
1842015
1451140
1242753
1163234
1773021
1229996
1586871
1218239
1144238
1159566
1218724
1850645
1235674
1294894
1371562
1197237
1275614
8926299
1703433
1577256
2186275
1220147
1433700
1300947
1128122
1791468
1303956
1172716
1799423
1371917
1293472
1443801
1142508
1101771
1280780
1268386
1778402
1323121
1218252
1255289
1357735
1252556
1225145
1414934
1349168
1155363
1453006
1934254
1885562
1686361
1675699
1854949
1358063
1299882
1296241
1253420
1368441
1217234
1992035
1342746
1199623
1396221
1276876
1230301
1188895
1130055
1336854
1265227
1131382
1137711
1142200
1242156
2366959
1324145
1466072
1227523
1168662
1218815
1231264
2455749
1289656
1275220
1295241
1252427
1151161
1168865
1909930
1420163
1331765
1212233
1349693
1122491
1211382
1293401
1309846
1303015
1187002
1184914
1163295
1696056
1476557
1407988
1328607
1346281
1213960
1203791
1155894
1295016
1332630
1184189
1212560
1270555
1187161
1187703
1754120
1254803
1251629
1288163
1327975
1137033
1297397
1283559
1137358
1177978
1291946
1330839
1506112
1380564
1173345
1980947
1349117
1237628
1251515
1180127
1275760
1845793
1335875
1298936
1304408
1142064
1208051
1141717
1217810
1288168
1182473
1174756
1679962
1284323
1417690
1306490
1288260
1226767
1117412
1217219
1283946
1177345
1182562
1180812
1119427
1805562
1260873
1367466
1224551
1378350
1130898
1140743
1979026
1493507
1510706
1412693
1287671
1247935
1230048
1317914
1155913
1966796
1389254
1422927
1199794
1275929
1294316
1476546
1223164
1184179
2659043
1226116
1981153
1496506
1284545
1375975
1259565
1285879
1286695
1335757
1354824
1399146
1148999
1911549
1254975
1394850
1252624
1762739
1325558
1479562
1315010
1139369
1247079
1396215
1321239
1202736
1255472
1208079
2032092
1314382
1444042
1263984
1203855
1320056
1223759
1200114
1744285
1424709
1266663
1354091
1314655
1346316
1155317
1691386
1400695
1492942
1244595
1298622
1286839
1439361
1253195
1185211
1351357
1345248
1253247
1745273
1244269
1252577
1372345
1418141
1221778
1450790
1257174
1177199
1314457
1242822
1909824
1365845
1485696
2471575
2112928
1432928
1347514
1812496
1434551
1263598
1309757
1169545
1132662
1240931
2082439
1430986
1408310
1297143
1306034
1234124
1424951
1387363
1681061
1397663
1255895
1417111
1292962
1208309
1147559
1184337
1174808
1760917
1462396
1444624
1214527
1404788
1248558
1357589
1252765
1269307
1259818
1299548
1239461
1896080
1403072
1331291
1445719
1201345
1346757
1393941
1292810
1393724
1226223
1233983
1418469
1322133
1359937
1227040
1968692
1423234
1268173
1378124
1239880
1865410
1604783
1547294
1280176
1299791
1241524
1194408
1414893
1417490
1357142
1915746
1539286
1304673
1419118
1360008
1488675
1258722
1275086
1325147
1470553
1814374
1480181
1273189
1476136
1482002
1244271
1190730
1242459
1187230
1311554
1847261
1374500
1379531
1444410
1271538
1400305
1291935
1245706
1292900
1234584
1240757
1263023
1244467
1288489
1292685
2046831
1455538
1378521
1366980
1327581
1250367
1429293
1227683
1259572
1316145
2012914
1424708
1505390
1527980
1381845
1448338
1294030
1487413
1342992
1351050
1217237
2020570
1599774
1382803
1406674
1500995
1318402
1454427
1335898
1232131
1967187
1513488
1522824
1437077
1311040
1266733
1621080
1293226
1441062
1292244
1966964
1428059
1448720
1468361
1395135
1270592
1305734
1302043
1969230
1394029
1620410
1328933
1273577
1439508
1490802
1378291
1292696
1209564
1327116
1231315
1197262
2095906
1339375
1549115
1522004
1336451
1403737
1808570
1429368
1547441
1475862
1296286
1455714
1370604
1293302
1210732
1329007
1300994
2115944
1459257
1533768
1352130
1376226
1454844
1345583
1297089
1409100
1301098
1334675
1293911
2072274
1314106
1316588
1276362
1320669
1221587
1311667
1202320
1234030
2026353
1677691
1387872
1470297
1266909
1427111
1672475
1569624
1488319
1278937
1406304
1352675
1316041
1390120
1372725
1904633
1411908
1552591
1356151
1281571
1365677
1619563
1965601
1488640
1345614
1444259
1353978
1353495
1513234
1305573
1356499
1907862
1596901
1704943
1370739
1480807
1561261
1362225
1484285
1278480
1305774
1324788
1838398
1494790
1422847
1350757
1483494
1337444
1347342
1544100
1868955
1424317
1437963
1454683
1371508
1405747
1285553
1322405
2178934
1564271
1548682
1474643
1492642
1426120
1325319
2083421
1540678
1608700
1502447
1303825
1407059
1303622
2008440
1641532
1585869
1363120
1450795
1297408
1577315
1337635
1350780
1520003
2067933
1517924
1613539
1619307
1500828
1399026
2128094
1670614
1412049
1464186
1597356
1511880
1446097
1422337
1423426
2093166
1464713
1669750
1598602
1384387
1518571
1370038
1528718
1387804
1340185
1999967
1525103
1490989
1611165
1309612
1548982
1514156
1448797
1382021
2157280
1385940
1559803
1413845
1358607
2137565
1617702
1577284
1421336
1436547
1477764
1394150
2135278
1614924
1620455
1488352
1307643
1387683
1332810
1472095
1524946
1385384
1431413
1331835
1949573
1453301
1452670
1408945
1367823
2225776
1607721
1600930
1494156
1594577
1531431
1498479
1356603
1995382
1556133
1622354
1503131
1625176
1374191
1368145
2044793
1604408
1664644
1436370
1428501
1344425
1373483
1381088
2243056
1562898
1450238
1528060
1694926
1365147
1458432
1465667
2277099
1490352
1621386
1466705
1391594
1364089
1431135
1400780
2214870
1475375
1429986
1467912
1348430
1296542
1410809
1443745
1356748
1305357
1334274
1542246
1312606
2225510
1622490
1390798
1564876
1401621
1283438
1547829
1288533
1370492
1289555
1390824
1508709
1352465
1362514
1293308
1346538
1426598
1395892
2177458
1521946
1377736
1476106
1351946
1573978
1504470
1291673
1362663
1471719
1445820
1951886
1450229
1370186
1444149
1347785
1294253
1622375
1533959
1525016
1559866
1341681
2078651
1690514
1547710
1555497
1310778
1453603
1499769
1457820
1325915
1504884
1566966
2087376
1662695
1465972
1659640
1627351
1313009
1352755
1379481
2109926
1460514
1618089
1417975
1765952
2021476
1569974
1510382
1378491
1348506
2183177
2059703
2069045
1516560
1451469
1433005
1401579
1299798
1982232
1410132
1438470
1439214
1552008
1590787
1515478
1381068
1357862
2102516
1703012
1612932
1530767
1496514
1451720
1323401
1354141
1396893
1460689
1400340
2216178
1570200
1470666
1492846
2212093
2276731
1378477
1398265
1448823
1481193
2127011
1611195
1487177
1455750
1524079
1480750
1473881
1409146
1411574
1372704
2335191
1559515
1558640
1692304
1643944
1488113
1914401
1631439
2011156
1627393
1629429
1447454
1565684
1444822
1545740
1670141
1459426
1478112
1964764
1523746
1658902
1492015
1522174
1576173
1560346
1638158
1498459
4963998
2119235
1591320
1753007
1609779
1465706
1626325
1474472
1476353
1613360
1415566
1456375
1397802
1462662
1460447
1477427
1395998
2023910
2043939
1987335
1497853
1607094
1535439
1416205
1412998
2007329
1654985
1452082
1448658
2350594
2165083
2179427
2309604
2110963
1488955
1779673
1817770
1571426
1597739
2234684
1413279
2262038
1643881
1449978
1852276
1775222
2021766
2062478
1633896
1778815
1611987
1403401
1505940
1997116
1407875
2744359
2061029
1659107
1591328
1571997
1687844
1585004
1485767
1656417
1579432
1540627
1442045
1662238
1564513
1521491
1454038
1834086
1589173
1438349
1446792
1424585
1538742
2377357
1753911
1718139
1485179
1517396
1524701
1490595
1480885
2224196
1562712
1490493
1568144
1521117
1603488
1665131
1424532
1492366
1500630
1525700
1544588
2127525
1756325
1596467
1592052
1606709
1651495
1763992
1647683
1604171
1498939
1456922
1575241
1546595
2204988
1539555
1583040
1747481
1496961
1513409
1751707
1609931
1655764
1698033
1816341
1534978
1619546
2157353
1598034
1506276
1704101
1440928
1537351
1528586
1785438
1625997
1482022
1459719
1499599
1471848
2009603
1829695
1702394
1778201
1551077
5289389
1815118
1536893
1438002
1641976
2728032
1688724
1727985
1536421
1614236
1790519
1583980
1471757
2369497
1676311
1610413
1655609
1617585
1531571
1541814
1562877
1516098
1578009
2632133
1954827
1835530
1555153
1515532
1523337
1579578
2371495
1590305
1605644
1504658
1559504
1551309
1528676
1629563
1589691
1607752
1575474
2652313
1758356
1758485
1712068
1582480
1632474
1499238
1551838
1549897
2359347
1698179
1552690
1613660
1728451
1554536
1462130
2250420
1774064
1660710
1774860
1750402
1522859
1536525
1600341
1565306
1547018
1540333
2441943
1563573
1687229
1663065
1634186
1444827
1530134
2287646
1580196
1746687
1679865
1528441
1475926
1792832
1633664
1523033
2424288
1694291
1687130
1626307
1614279
2145368
1461932
1542734
1499092
1707383
1511515
1488424
2181554
1818469
1536085
1569718
1665355
1950807
1674466
1670059
1496426
2180651
1847816
1762045
3013065
1568377
1608292
1661195
1755839
1538108
1809050
1567384
1646148
2045076
1852459
1551740
1742930
1645039
1566069
1568998
1554994
1707763
1505941
1703038
1569087
1474960
2082520
1609443
1700415
1555796
1615790
1524793
1575832
1712730
1717804
1550023
1600081
1564832
1522863
1591624
2265547
1608907
1857963
1707753
1733446
1779919
2191149
1722654
1938005
1751505
1633692
1614337
1585769
1688518
1638062
1586069
2122329
1746676
1834916
1638228
1750473
1776680
2117073
1723816
1828920
1763693
1714294
1729768
1773127
1849673
1651389
1600713
1654574
1606548
1589130
2283546
1631070
1603728
1756571
1845056
1519302
1664087
1713070
2468115
1940411
1613596
1818054
1727806
1592405
1564557
1851462
1721620
1815780
1815652
1602798
1639226
1621151
2135848
1871605
1938766
1713422
1594903
1756202
1664422
1734541
1771581
1842049
1690538
1574628
1581853
2323293
1934582
1764392
1650961
1624051
1571337
2419911
1906271
1795609
2495848
1646786
1564620
1658085
1590378
2473888
1841114
1720088
2486937
1906451
1738369
1750065
1717751
1666444
1627866
1624369
1572977
1670063
1532001
2296127
1856715
1638562
1724229
1619302
1565531
1581155
1654164
1584151
1594603
2170231
1689177
1902928
1827303
1751323
1573801
1718145
1791623
2309390
1743003
1758840
1843732
1824493
1878290
1587486
2126671
1854284
1783259
1755350
1673120
1836164
1647556
1744197
1607497
1648859
1611114
1719431
2761220
1693136
1882321
1908996
1838132
1695054
1743801
1643585
1686052
1849462
2311066
5724210
1548825
1810690
1695880
1714931
1617996
1697433
1674055
1786424
1659202
2539568
1979013
1617303
1729034
1751881
### METHOD CALL TIMES:
274601
68643
96660
40640
40164
54938
44499
71362
55547
36204
42462
41807
34018
48156
44963
39216
45719
103474
118514
36572
102043
55688
52835
54688
119360
47320
113311
54101
47413
71909
35374
50007
53050
40917
40566
40710
68247
50993
48097
70990
44146
46761
52015
46495
36964
36223
37614
34871
33656
54066
40269
39957
39685
38741
40869
40039
38938
39687
59896
47134
68046
42039
117498
88217
45497
44160
46514
45806
52033
72562
55240
53679
55094
55892
49002
49030
58353
44678
43495
41142
42329
44149
43813
42289
43132
44217
45443
43756
67129
55331
52807
56941
51614
51647
51652
109522
55309
64208
70316
57595
79860
145703
57149
69344
79758
62959
62631
64706
57763
58115
57274
61588
58704
85132
72348
75137
96593
81534
63060
75486
73936
69123
81793
54929
53735
55098
52064
65367
53431
52070
50313
50648
51614
78034
63089
82645
57935
55961
58895
78003
76256
77355
76309
68524
69488
69756
73710
90177
69461
64942
66837
63603
64443
95591
77498
71036
71767
102152
95069
69700
74491
70172
78492
70163
68408
99500
72266
62483
68446
59111
58321
57691
59318
64284
61485
91614
67543
65139
73946
65031
63276
78681
81476
67612
68287
79986
77864
85144
100634
75090
75745
84430
69471
69826
69879
69493
72601
78768
106327
80062
79946
78743
75831
76069
81934
74113
115325
81337
96026
86220
75071
66519
70559
71088
67216
73699
66595
104663
75269
76542
72298
71058
74432
71124
72330
111276
83474
80290
78723
110224
75877
78292
85672
87338
83318
77991
78128
116760
88730
124179
113649
91376
95873
84331
87535
84750
85313
87187
127750
101400
94923
96927
89524
104931
111685
86780
87683
132174
75552
82383
80472
76993
73979
78670
127167
106436
82764
78067
80602
81605
82309
99395
90162
81104
82680
88099
84729
132436
94703
95306
95835
85901
90383
94395
100755
99038
135512
99732
103380
97437
102436
93924
99266
97223
96718
102694
99811
93993
165560
119633
106583
108700
104254
106707
105370
110311
126755
125929
93373
93420
95325
85574
92658
85330
86691
85700
92549
94621
88666
85528
135469
100096
101006
95539
100956
116086
102337
92732
93510
95003
143600
109492
106124
101884
106453
105757
113771
106185
111294
99560
100241
98806
106988
105353
101534
98541
105632
163731
116432
117129
117126
120413
105767
136654
99915
99920
92403
152204
91481
98012
102183
95063
91374
100716
94729
94289
92028
109156
94297
93826
145859
108490
105803
103393
95822
101915
107637
98771
99866
116121
100819
99268
158134
119959
118305
122144
116686
113955
118731
118867
108572
106591
107794
126561
107218
106693
108686
118617
133459
120448
163593
122506
123207
118242
114197
113462
124014
117451
151842
110162
110543
104483
101734
108797
107768
102652
113467
102577
104698
219260
116291
116029
116675
116912
115879
123773
117398
106944
111662
118892
109307
116413
109685
109015
170621
124312
126523
120531
124243
119391
116479
125640
126137
126183
114387
122095
125966
126274
178185
133768
133171
132861
156400
121432
123038
135132
121323
122703
122575
119800
120265
121863
111905
113460
123431
132777
130040
128881
118992
124566
116428
114867
125820
175430
127426
128446
122091
138054
119382
142938
118314
118657
120181
127664
181954
137417
135388
139220
128227
126102
139962
155418
207200
125181
143390
134310
192647
144928
144098
139764
142448
143996
148261
146200
147468
132331
141187
175558
130028
127755
123165
139071
116434
127099
208424
176989
132021
130916
126008
189889
140946
140498
134045
132622
135364
128157
193969
142559
145040
144121
131665
135165
131580
144229
145649
195769
139534
159559
133196
127305
160711
130505
131051
194574
140881
140669
142659
125123
128172
141958
140838
201315
148669
146974
140611
135050
145472
140775
148880
135661
135157
142021
171163
170324
177418
170280
193426
139589
139471
140811
129452
159822
143152
198163
147257
146920
141611
146680
135683
135500
136918
153486
143292
137604
133928
144681
134618
206460
151603
144951
147099
136728
147095
137996
204265
147151
142444
149452
139557
151400
136462
208116
152166
154335
144994
156640
140051
140768
149833
141570
140607
152362
154203
152623
217083
158300
162298
158523
145970
159506
146296
147757
148313
146858
149740
159809
149062
149093
148893
209666
157025
155295
148003
153822
141027
144525
140892
143572
141829
148246
154198
147905
155454
156091
217925
160494
159094
159181
146793
169722
225891
167589
166946
168683
150974
162172
153907
169259
153312
155122
154620
217772
161454
160602
154788
188196
168808
149303
154300
158979
162168
150222
151298
149172
228423
166620
168594
160315
169921
153806
156414
234073
173015
169579
210397
168335
160535
177852
166651
173627
230958
168076
167597
160934
153195
159593
173861
152633
169980
153811
155936
238870
176478
174408
174974
163794
175237
162140
160250
179168
173146
161253
233704
172948
170004
171902
239318
177927
175206
166663
161816
178757
171796
168949
170502
163283
162602
243847
181682
182402
183881
168791
169587
169090
163680
241578
178166
176897
169917
178331
160917
168430
245409
181029
180811
174169
183542
165723
179363
180923
172933
164571
179454
184526
245948
180929
181875
173291
184248
183626
183315
166810
164559
183594
170824
253703
191978
197972
264334
229536
190216
172447
299522
195343
182110
197107
174576
177794
190739
266562
193788
202900
186799
176628
190927
192838
195965
265296
234697
198270
236188
190482
180890
180526
188175
188075
272280
203702
200719
190566
200569
182065
203335
184460
200132
193519
224446
187234
271042
197688
197710
196642
180540
180702
192530
184029
182279
183994
190321
210182
199692
204779
186199
278122
206177
204596
205845
183701
273647
214439
213093
193702
193585
188841
187813
238802
194372
187165
285250
210824
210149
209435
194872
200440
200022
199568
219452
233103
280461
207283
205515
205540
196478
184253
184496
197202
184447
207368
284247
208569
209447
226791
188450
194652
192424
196832
190359
189967
188270
208160
205837
190115
195546
289898
212881
214966
211657
210366
202356
201484
197095
196632
197261
284876
212924
212405
201441
191256
198578
204659
209331
201814
202812
191360
291111
239783
209979
222485
211144
241274
274740
192614
189962
295817
215033
219210
215506
198240
198183
267213
213724
209709
207106
290267
212112
215174
202836
199570
189026
193460
206620
293743
216736
226751
213717
198692
201981
196385
201979
196731
198974
198679
205782
208797
304162
223140
220823
215893
210523
202852
296581
219371
219892
208577
201181
210420
199355
219871
198467
200288
212867
300890
221568
233005
223952
222973
225857
223936
202273
201967
202387
223014
203089
309724
227263
227169
216242
218664
206230
226512
205437
206209
324342
251935
219890
229422
213888
215043
225636
235869
232455
214206
213478
232549
227062
212963
219071
312096
228559
229654
228873
212096
211274
240334
313769
229416
240336
220403
210966
221282
211221
210843
217548
318958
236513
231172
229930
211564
237630
212186
221699
212896
212488
214135
324470
239048
240169
228100
237894
219185
218000
223424
323692
238831
239615
237298
239431
239580
223423
217031
358929
261103
246433
231247
248006
223711
223884
327457
241871
282125
239810
221141
232392
226531
335287
244066
251389
232008
246080
219199
245145
223178
220766
245800
333388
246951
248634
247317
223939
233300
338760
249215
235594
234511
247515
249720
225332
223705
249479
341209
252150
284174
240198
240122
235731
228361
235158
253437
233365
342090
252522
266439
239344
231010
252135
232671
251880
252921
349995
251458
254538
256982
252381
353245
258306
258479
245755
235216
242558
230078
353395
256465
286944
244071
239540
230365
240237
230825
256965
257911
241107
239895
356186
261665
263547
246750
251068
358568
260986
262625
262090
260101
264142
255249
249822
362137
266172
253940
262826
264554
242264
247722
366103
267023
276217
255536
261069
248401
256783
241949
365350
269543
272002
253589
270028
243858
246244
268731
374852
269517
273148
272297
247460
247750
254122
261397
375819
273343
263309
271601
265218
249859
274168
249991
280789
263055
251420
283957
251701
379582
276813
263381
267310
253677
252208
272619
253467
278203
252234
280885
264671
258604
261702
255230
280592
256047
276736
380406
277530
285264
267799
253150
279655
281122
259406
285713
279184
272921
383042
281589
293166
266960
260059
256863
280002
262461
268100
271601
263502
387383
296737
270832
294420
264117
279163
259796
259293
260833
288964
277238
403190
285066
292585
297592
281652
256164
279077
261976
390604
288615
277247
288298
303072
327784
275115
283145
297119
270992
394252
341374
352237
297411
267701
286534
263424
263146
396833
291429
317517
291130
293534
278751
301110
265160
268711
403833
309286
297308
282648
271181
274819
266633
296575
274234
296325
268404
409700
298266
300830
289805
360764
339820
272062
278474
273242
302980
407889
346736
320121
286767
296197
281202
297736
298162
274346
279523
397156
303766
311285
350994
303268
306890
367343
304592
414342
310912
311942
295538
308332
278805
288758
319537
283207
295571
423918
307172
310067
303048
299765
286499
296965
312074
281859
284062
422350
309992
321210
310265
292355
282219
283310
296914
291306
282969
285101
295967
285135
300462
287535
286218
427666
349719
351087
292120
307140
316177
285223
288411
428920
314162
319883
301115
381342
430890
367937
390683
417623
324739
317254
320954
303964
292560
353366
300504
361674
315991
293940
367278
402043
325646
438844
321384
329188
289772
287316
295117
381900
298499
531739
361049
322180
298917
294779
311395
310956
292740
302179
305913
295315
299112
298465
309007
320927
296857
327048
310670
297211
295485
297061
333255
450448
324705
341271
313157
327282
302635
310082
332444
381725
308468
311832
307059
314390
306838
302535
294574
303768
296370
294197
313695
453424
332583
319904
312573
309825
301249
325377
333630
303150
316842
297603
310628
336700
463021
333872
317190
330807
315632
314820
317190
317124
304001
314021
339206
337418
303351
458157
334323
327937
336133
308988
329210
314189
336532
312301
308171
318909
302075
312236
475651
340812
339190
343488
341155
328950
334950
338980
302248
341249
530887
341499
329390
315723
315486
347666
353288
324049
471565
345424
341800
315729
319171
326279
316735
349000
354170
313395
527832
380425
343012
327065
319289
347144
344938
480371
351414
333799
343187
353489
354215
318563
326774
350518
349380
344625
476724
355291
335890
324856
316346
325653
320031
326615
316253
482431
354137
352979
343335
337294
337606
322713
485327
355135
339550
342020
356141
333523
339207
333163
350674
326929
356688
485972
355924
361691
368868
348403
327593
342600
493713
361552
357159
364155
332384
338050
373678
340775
332212
498323
361768
355126
341706
331842
523281
332198
367995
333642
358224
355114
334651
499435
366553
347491
331727
353920
384988
363382
335859
342492
501906
368665
365448
335349
350568
338225
340362
358035
342938
368710
339477
353771
504901
369707
367948
360640
343538
357334
338126
340835
369174
341385
376082
362998
342655
506238
379974
375599
367129
373411
348192
349921
361656
336352
343618
337332
365669
336969
380362
515421
376891
377398
363289
374795
382759
519892
378245
469066
355521
375765
348153
353993
342497
410980
347616
525684
383133
364082
380331
383033
380420
520771
384963
393826
387024
360690
354805
354131
451231
368032
363401
367201
356431
352837
548454
385239
378363
384690
386489
353635
386015
360034
555320
392585
387733
394907
362603
359072
374836
442169
390966
369196
373301
358235
392545
392200
534883
408821
396510
374884
370814
378827
368632
367953
371932
369847
361012
360560
358796
535985
394800
382106
381954
365282
362869
541804
397915
380320
417226
365497
364814
367054
371328
542222
402220
381129
546938
402150
381943
403443
369325
391133
381682
389724
360393
405295
366456
547682
405745
387525
371009
369622
370705
379880
403729
375066
374038
553760
404501
412473
383168
367612
368735
397628
459021
554779
409613
402824
371608
397092
410756
378239
558616
410495
393661
376638
377540
377446
375516
381615
379073
376669
376467
411439
565209
413594
414301
454012
416804
379882
380125
378145
400185
482739
570164
419086
375679
380580
384369
385460
381239
414929
380142
380843
381600
567261
419299
399146
417190
392518
### ASPECT TIMES:
151024
10862
68126
9451
8093
9793
9675
32044
7871
10737
12313
11900
9360
9680
9748
8249
11454
25512
24965
8767
22353
12981
10426
9439
18388
9533
10160
10040
17161
43097
7044
9922
10617
7100
6868
6568
13410
7251
6207
25534
6008
6652
7039
8570
7067
6902
6736
5954
5920
9602
6860
5838
5866
6290
6305
5960
5514
5956
8991
6788
7577
6013
8076
6498
6287
5760
6607
6056
7089
6934
5654
5769
5209
5715
4474
4774
7040
5505
5284
4813
4822
5000
5130
4911
5067
4931
5194
4469
6910
5329
5434
4215
4701
4558
5079
7802
5003
5095
4865
11828
6453
39722
5347
19173
7471
5796
5237
4647
4767
4281
4238
5107
5254
7107
5150
10221
29255
5055
5251
6374
5721
5686
14425
5243
5516
5770
5065
11957
5271
4109
4823
4905
4712
7132
5531
5524
5189
4904
5383
8421
7622
7449
6705
6899
6721
6124
6461
7181
5660
5353
5395
5087
5017
7313
5927
5492
5415
5854
4997
5375
6136
4941
4978
4216
5006
22068
15344
5253
4675
4612
4365
4969
5004
5361
5028
7374
5058
4873
4600
4935
4807
6771
6796
4663
5131
6339
6260
6226
7026
4977
4529
5127
4467
4877
4679
4662
4128
5994
6988
5210
5021
4697
5100
5472
4684
4453
5983
5234
7349
21434
5657
4980
5081
4429
4798
4887
5008
7228
5666
4731
4296
4767
5083
4983
4916
7698
5247
5206
5240
6196
5279
4760
5037
5248
5346
5155
5157
6619
5316
7386
5657
5237
5279
4700
4809
5262
4554
4997
7539
5875
4901
5053
4934
5395
7409
5631
5466
5632
5212
5589
5511
5339
4858
5872
8595
7316
5638
5759
5390
6119
5671
7734
5013
5643
5491
6136
5477
7854
6435
5810
5928
5289
5687
6141
6449
6285
8186
5895
5793
5830
6473
5604
5923
5770
5678
5834
6136
5508
8155
6395
6032
6151
6104
5964
6247
5254
6499
8169
5869
6252
6768
5838
6052
4902
5679
4999
6266
5584
5812
5369
8365
6263
5920
5502
6343
6160
6000
5222
5921
5694
7687
6321
6289
5679
6091
5779
6389
6161
13774
5333
5993
4889
5529
5051
5318
5696
5877
8131
5955
5882
5334
5017
5057
8299
5789
5911
5250
11400
5512
6049
5855
5766
4972
6017
5232
4837
4988
5922
4832
4862
7743
6326
6143
5446
5441
5699
6000
5552
5639
5674
5446
5412
7831
6117
6043
6559
5913
6254
6764
5882
5408
5185
5612
5215
5608
4367
4979
5605
5669
5547
7862
5623
5935
5420
5395
5057
6100
5599
8090
6035
5778
5242
5181
5263
6064
5696
6046
5722
5857
8541
6069
5552
5780
5777
5687
6044
6059
5384
5649
5903
5512
5938
5846
5456
7977
5943
6042
5500
5889
5470
5295
5385
5697
5734
5621
5840
6235
5765
8078
5577
6088
6193
5786
5563
5864
6040
6070
5671
5997
9880
5646
5760
5273
5665
6113
6092
6354
5575
5213
5710
5118
5358
5880
8105
5840
5976
5410
6221
5033
6959
5470
5497
5580
5685
7897
6060
5803
6096
5284
5296
5849
6188
7912
5662
6260
5796
7668
5978
5734
5027
5945
6171
5107
5402
5863
4879
6362
7904
5955
5700
6070
6570
5434
4937
32658
4767
3932
4229
3408
5598
4006
4368
4066
3782
4116
3753
4903
3891
4259
4085
3680
4166
3349
4890
4890
7214
4146
10748
3980
4383
5931
4127
3898
5237
3926
4034
4343
3825
3139
3434
3918
4713
4232
3974
3839
3922
3911
3526
3838
3722
3684
4075
5527
5021
5334
5925
5704
3548
3903
3807
3534
2768
3263
4710
3986
3869
4142
3718
3811
3528
3347
3657
3339
3081
3421
3559
3480
5463
3651
3568
3343
3597
3544
3409
5212
3954
3531
3642
3487
3817
3713
5383
3757
3977
3645
4251
3577
3832
3737
3537
3267
3671
3867
3861
5296
3965
3746
3464
3431
3924
3642
3326
3219
3350
3331
4100
3725
3638
3610
5207
4043
4103
3972
4094
3845
4182
3422
3372
3427
3503
4054
3586
3743
3645
4939
3861
4104
3794
3520
4111
4802
4052
3711
3847
3372
3222
3615
3885
3556
3587
3855
4795
4240
3754
3481
3430
3608
3403
3112
3568
3611
3422
3361
3561
5074
4070
3935
3718
3469
3151
3334
5295
3910
3990
3644
3671
3458
3840
3811
3293
4812
3797
3289
3486
3383
3382
4040
3297
3734
3795
3448
5193
3718
3763
4183
3788
3976
3868
3350
3841
3495
3465
4927
3826
3674
3962
5170
3980
3709
3947
3365
4211
3788
3603
3767
3666
3521
4889
3734
4047
3777
3461
3301
3314
3525
5043
4506
3838
3696
3808
3520
3755
4064
3306
3016
3091
3413
3001
3225
3210
2949
2696
2935
3189
4485
3113
3223
3264
3146
3294
3171
3192
2961
3046
2951
3915
3924
4016
5630
4076
3676
3180
4271
3449
3384
3806
3277
3018
3120
4342
3211
3636
3080
3127
3432
2777
3004
4629
3023
3573
3521
3659
2989
3320
3487
3170
4748
3285
3344
3186
3337
3180
3235
3007
3237
3293
3020
3100
4563
3848
3073
3504
3281
3429
3301
3476
3191
3543
3077
3988
3432
4129
3331
4346
3557
2824
3254
3386
4743
3960
3896
3083
3368
3126
3052
3173
3047
3335
3899
3427
3577
3271
2856
3115
3201
3088
3029
21506
4452
3615
3390
3093
3195
3158
2999
3075
3016
3839
4296
3774
3677
4345
3211
3208
2890
2912
2922
3199
3377
3490
3343
3557
3119
4555
3454
3718
3598
3427
3237
3473
3757
3397
3324
4443
3471
3540
3481
2844
3653
3538
3696
3698
3311
3205
4468
3920
3175
3399
4078
3512
2960
2764
2891
5844
3542
3763
3233
2937
2848
3824
3084
3541
3262
3918
3103
3294
2932
2987
3186
2936
3174
4068
3245
4006
3586
3180
2995
3098
3349
3119
2929
2811
3299
3319
4380
3255
3377
3356
3059
3330
4136
3435
3484
3308
3262
3148
2717
3020
3147
3081
3014
4178
3160
3630
3532
3494
3288
3251
3052
2980
3363
3065
3077
4271
3168
3123
3000
3092
3132
2810
3066
3160
4421
3978
3364
3283
3114
3118
3953
3460
3234
3060
3259
3273
3365
3082
3256
3983
2952
3571
2989
3056
3267
3547
4235
3390
3752
3033
2808
3174
2666
3121
3076
4209
3238
3217
3037
3175
3395
3198
3099
2874
2822
3293
4338
3431
3366
3157
3425
2832
2974
2905
4301
3422
3077
3005
3339
3129
3080
3253
4221
3537
4027
3362
2880
2895
3190
4224
3442
4285
3196
4032
3287
3177
3880
3150
3634
3273
3295
3036
3062
2956
3325
3345
4327
3389
3006
3046
3149
3179
3945
3160
3491
2923
3445
3026
2730
3097
3289
4242
3314
4302
3263
3119
2937
2799
2648
3332
2821
4193
3216
3595
3330
2978
3319
3030
2951
3835
4345
3100
2558
3320
3320
4346
3318
3248
2990
3268
3051
2882
4358
3188
4111
3084
2937
3023
3194
2883
2880
3092
3088
2905
4028
3394
2780
2906
2972
4155
3137
3533
3352
3444
3336
3665
3365
4192
3154
3145
2956
3047
2965
3036
4579
3363
3713
3000
2887
2876
3246
4613
4055
3278
3349
3335
3292
2930
2952
3227
4108
3241
3232
3491
2934
2772
2917
2975
5014
3197
3226
3058
3134
2834
3343
2865
3175
2946
2979
4207
2999
4174
3286
3352
2865
2875
3105
3091
3004
2880
3203
3226
2896
2946
3026
3049
3125
3109
3067
4142
3253
3611
3191
3106
3352
2960
2861
3185
3016
3116
4422
3311
3574
3130
2965
3108
3146
3353
3077
3648
3223
4358
3163
3510
4435
3028
3170
2539
2746
3104
3400
4873
4588
3274
3378
4726
3890
3329
3509
2956
4172
3286
3199
3346
4099
4215
3500
2971
3235
3298
4224
4774
5659
3644
2920
3014
2695
3314
4231
3283
4063
3220
3240
3079
3307
3600
2983
4579
3694
4228
3454
3059
3360
2832
3178
3075
3240
3108
4369
3268
3187
3353
5207
6343
3326
11483
3115
3275
4344
3129
4336
3389
3367
3067
3164
2710
3087
3244
5351
3608
3814
3440
3404
3152
6666
3824
4285
3345
3743
3260
3222
3418
3145
4204
2974
3221
4612
3449
3384
3911
3140
3163
3064
2667
2926
2984
4191
3331
3895
3211
2982
2925
3062
3283
3387
2849
3203
3214
3140
3175
2958
3198
4297
4451
5355
3774
3508
3974
3254
3236
4007
3261
3664
3399
6040
5268
6194
5497
42185
3442
3423
3426
3281
3323
6163
3351
5257
3435
3121
3952
5016
3975
4579
3500
3837
3440
3381
2873
6122
3621
5589
4192
3377
3178
3055
3976
3258
3270
3544
3220
3325
3158
2782
3695
3358
3296
3703
3150
3207
3423
3442
3404
4549
3389
3688
3340
3426
3641
3254
3119
6128
3368
3243
3238
3434
3338
2941
3007
2937
3266
3240
2959
4548
3353
3432
3204
3123
3198
3269
3302
3391
2903
3254
3512
3596
4426
3479
3319
3170
3200
3599
3427
3353
3143
3240
3256
3076
2985
4478
3382
3050
3685
3195
3474
3281
3286
3096
3411
11299
3228
3393
4040
3394
3338
3679
3413
3797
3056
3370
2922
3512
4513
3470
3541
3050
3202
3309
3294
3751
4619
3300
3668
3558
3382
2978
3116
3487
3031
3192
62357
16505
2247
1995
2007
2257
2360
3256
2491
2379
2096
2450
2140
2087
2274
2260
2253
2127
3205
2291
2520
2249
2259
1865
1954
2275
1853
3064
2277
2115
2384
2273
2073
2388
3066
2216
2303
2368
2236
2113
2170
2281
2148
1902
2325
3342
2417
2336
2691
2186
2077
2222
3092
2540
2199
2213
2343
2208
2472
2370
2146
3668
2525
2192
2155
2339
3968
2269
2291
2126
2315
1996
2287
3162
2494
2200
2010
2226
2510
2283
2005
2101
3377
2332
2260
2258
2205
2318
2326
2210
2115
1935
2049
2042
3141
2415
2378
2519
2151
2133
2084
1997
1985
2243
2321
2378
2120
3405
2238
2608
2341
2179
2361
2136
1939
2009
2175
2057
2447
2270
2310
3191
2249
2252
2230
2120
2286
3153
2789
2943
2210
2201
2073
1896
1925
2142
2227
3177
2492
2223
2341
2655
2396
3060
2540
3021
2804
2381
2806
2191
2537
2313
2131
2795
2450
2548
3637
2445
2310
2564
2176
2134
2089
1919
3178
2568
2381
2294
2103
2327
2247
2334
2421
2299
2066
2087
2687
2500
2872
2779
2593
2452
2643
2637
2608
2371
2135
1964
2451
2334
2106
3222
2348
2384
2023
2433
2458
3080
2367
2292
3170
2087
2006
1928
2034
3640
2364
2329
3334
2454
2789
2780
2405
2481
2537
2575
2081
2580
2295
3235
2440
2548
2572
2069
2869
2597
2721
2680
2440
3176
2413
2369
2372
2208
2315
2401
3425
3299
2734
2376
2275
2463
2429
2417
2963
2373
2378
2394
2284
2366
2264
2366
2239
2073
2282
2344
3338
2509
2517
2267
2588
2477
2128
1832
2275
2435
3440
2445
2548
2444
2122
2479
2295
2392
1964
2164
2098
3310
2720
2358
2383
2282
