### GLOBAL TIMES:
13209506
4833856
2631160
4763952
3518090
2131681
2241841
3580290
3110252
3492535
3100167
3057711
3749200
3120878
2622383
1600216
1930432
1632868
1727856
2860045
2608301
3946665
2638975
2372385
1779893
2632207
1523847
3175470
2381196
1961831
3375795
2086753
1191878
1310953
1523426
2147198
1924677
2707221
1865006
1930875
2610475
1712807
2291859
1739498
1234250
1837845
1914108
1751757
3128882
1643852
1873908
1457449
2095092
26576589
8922183
2598881
2305131
1336073
1526161
1812778
1632678
2221481
3324434
1772553
1535885
2254302
1996367
2132948
1963753
2261293
1709181
1830355
2335245
2279644
1510143
1552229
1574120
3060362
1852331
1944613
1713519
1227208
1401780
1589718
1180064
1567229
1764121
1100694
1082453
1231324
1185939
1334255
1396737
1232540
1296012
1099378
1096840
1290460
1704160
1507203
1404125
1133578
1308934
1198949
1404419
1295857
2050345
1468264
1271713
1125860
1342714
1120275
1236756
1484319
1078121
1075193
1133273
1106087
1059387
1352718
1025427
1818149
1201827
1102517
1304357
1782690
1105253
2016500
1227106
1259129
1347145
2295508
1693188
1490127
1642725
1945813
1607072
1682482
1549301
1937107
1825754
1359926
1440611
1198762
1109305
1169541
1092924
1070750
1036489
1098798
1200429
1186106
1078510
1542566
1253336
1341202
1328623
1273863
1213214
1045549
1713102
1105935
1247994
1098121
1204055
1075463
1619522
1941392
1196314
1152454
1095381
1431423
1589806
1284650
1405535
1179543
1749350
1183967
1352199
1591706
1345605
1736139
1483886
1140791
1320658
1115249
1944454
1613841
1608801
2291351
2257329
2107798
1201198
1603943
1811092
1347207
1087983
1138065
1292430
1361210
1464184
1460583
1885486
1995946
1722911
1146151
1107218
1223642
1038427
1234944
1258293
1237802
1199942
1259151
1119084
1246944
1996556
1131226
1182861
1096446
1417309
1189652
1598630
1187497
1220659
1372950
1071199
1047581
1142985
1323714
1374421
1649445
2287793
2263924
2194790
1258395
1463613
1984548
1461121
2380924
1229757
1453848
1614884
1420091
1395026
1381958
1334880
1794638
1698068
1387126
1150031
1152979
1098897
1198137
1049805
1150458
1032644
1518252
1189558
2111350
1202723
1091945
1109248
1220960
1378820
1096695
1193325
1136350
1279090
1557287
2227972
1235375
1156014
1143191
1045627
1177999
1024714
1037504
1215212
1454502
1243205
1274989
1452845
1304583
1328266
1334068
1360137
1605754
1243269
1322963
2214730
1086136
1057125
1096567
1304962
1215831
1129222
1076769
1267924
1079012
1337996
1048740
1585805
1248104
1953930
2104609
1360385
1295402
1215143
2721517
2068593
2537769
2091211
11376814
1481650
2549087
2080806
2821592
4287371
1322707
1394963
5463153
1846894
1598969
2101040
1820634
1866813
1992964
1965685
3816484
3009593
1267285
1330644
5521050
1264637
1643264
2159239
1404434
1679201
1908866
1317535
1415625
1340397
1210840
1568035
1759258
1225687
1374212
1229300
1171789
1498724
1666187
1121859
1369583
1378139
1310360
1550986
1707458
1766468
1918029
1777233
1814088
1376560
1518484
1227524
1920698
1116061
1237774
1208177
1195272
1950506
1361392
1264149
1380153
1062763
1394334
1128213
1123989
1051555
1405417
1340139
1771261
1355547
1529584
1367976
1231165
1575723
1316654
1139646
1083308
1150089
1089565
1211806
1721840
1202366
1110494
1121095
1076814
1106721
1176079
1181786
1320195
1104167
1141111
1192512
1140205
1748010
1185089
1214631
1158821
1152996
1157008
1150616
1237033
1088217
1221415
1227687
1104616
1066425
1524814
1126240
1178236
1212531
1174282
1190917
1398963
1165375
1178887
1754976
1283597
1522165
1289939
1065071
1180733
1224748
1103621
1142026
1365048
1330755
1188043
1542100
1293655
1618562
1357149
1307300
1211075
1246963
1323680
1456425
1322026
1415008
1382513
1250750
1434138
1245528
1613522
1215968
1342756
1319129
1249158
1248649
1238458
1157428
1219699
1850569
1327091
1248574
1169031
1206158
1233484
1229890
1214576
1187047
1569230
1211111
1234329
1231934
1379326
1270769
1249209
1398134
1694000
1361021
1292023
1292887
1242016
1355100
1187128
1268159
1201932
1492181
1330242
1122859
1264794
1194136
1219592
1354677
1929298
1441728
1258955
1298772
1182469
1129324
1315815
1354041
1240650
1335306
1899535
1325183
1185674
1701217
2265397
1215194
1764520
1345544
1289362
1893132
1379176
1277189
1281031
1254546
1243414
1250084
1305877
1220452
1261525
1367934
1303260
1938073
1275878
1384038
1152902
1221547
1277821
1287937
1511981
1213581
1809134
1184218
1172966
1593078
1080387
1453707
1230925
1311928
1362277
1291115
1586006
1269516
1161770
1339679
1722668
1193561
1287117
1344529
1376984
1272730
1375181
1283039
1319787
1583456
1258661
1359733
1483526
1226301
1393899
1912317
1339446
1519313
1376525
1301050
1708257
1193352
1244596
1302643
1644650
1203614
1227681
1266149
1525543
1269307
1322551
1509515
1319057
1908892
1211235
6399809
1457987
1275253
2385889
1773909
1431818
1690866
1221774
1261202
1695821
1280315
1405975
1418831
1484220
1414953
1285405
1441780
1458095
1362053
1362237
1520061
1372359
1909333
1465549
1733778
1303202
1456042
1451236
1314247
1332068
1569650
1401431
1348298
1789459
1314766
1408535
1292640
1258013
1381745
1168026
1316796
1900090
1304201
1329687
1394833
1371890
1396306
1624382
1245502
1715738
1353296
1421790
1578564
1715582
1340025
1673377
1372624
1418255
1680266
1368253
1274120
1380903
1872658
1305552
1463692
1316953
1777275
1292852
1268567
1494892
1393915
1837700
1282486
1274588
1477556
1364909
1434451
1483260
1505709
1425575
1562459
1395157
1742590
1322348
1271930
1395386
1530105
1537801
1546902
1765835
1434604
1268450
1432251
1242439
1290515
1371994
1755353
1431404
1327206
1451360
1450437
1625351
1569978
1667145
1313231
1589086
1428057
1489906
3536770
1701741
1764287
1825171
1638775
1394883
1462575
2142880
1471713
1519132
1383655
1596480
1398506
1676917
1523866
1719360
2418030
1999221
2225721
2283277
1962285
2332260
2352319
2186856
2672103
2670540
1330629
2633946
8880470
2095085
4226892
3064978
3245436
3107489
6458949
2197284
1818745
3798099
1639520
9301365
5027586
3319551
2402447
1899825
2369713
9489401
1345388
1725033
1410518
1370132
2180399
1461098
1737879
1493095
1401192
1379492
1879626
2119936
2031330
4454395
3262776
2664545
2377890
2532946
2340411
1713588
4101051
1479960
1645104
2517181
1890719
1491805
1625503
1606071
1769982
1617647
1650695
1520519
2096823
1762382
1528297
1506779
1486711
1511252
1994536
2398889
1620718
1796350
1508766
1611820
1527830
1379115
1595313
1803329
2449278
1439675
1861830
1413443
1935553
1966101
1445158
1405133
1474770
2430069
1614195
1571753
1399129
2092708
2110518
2640141
1490375
1370685
2109123
1516154
1755017
1429361
1682093
1932950
2069572
2609633
1735590
1581148
1656742
1629005
1659331
1584846
5694131
2846237
2109989
2074359
1874899
1625515
2132407
1702888
3827306
2810772
7846567
7756544
4937389
2128161
1499615
1538794
6725658
2266817
1380349
1894221
1615808
2125957
1850884
1469914
1468163
3348183
1578039
1599427
1687059
2032861
1593587
1588782
1571721
1358472
7588362
6374716
5257234
5619078
1440369
1571264
1585343
2106437
1586277
1649559
1408712
1532981
1359477
1868287
6777465
2358826
5643005
9755512
8736684
4576908
1435979
1818586
1532064
1614435
1493853
1701194
1745036
1408246
1902511
1538263
1738115
1495761
1479170
1443619
4565711
5337344
6227414
4438184
1763673
2027080
1482247
1595723
1552243
1655230
1429977
2035935
9303565
1433066
1320349
2084028
1721622
1458368
1604596
1422095
1300931
1529457
1884763
1593501
2751797
1440007
1453451
1892157
1704598
1546424
1328094
1445233
2059369
1537911
1558603
1486316
1992688
1523718
1585171
1725331
2344447
1618468
1471877
1695563
1742884
1557332
1474707
1981043
2595859
1530700
1559304
1582616
1389172
2307692
2250381
2065525
4094780
7230876
1585974
1420938
1616133
2064903
1448693
1658024
6894314
6202992
7663247
1846264
11658299
8044628
3735404
1750283
8783723
6890983
1971889
1519920
1556511
1431554
1367418
1628896
1582151
1595745
1456738
1906163
1486637
1623538
1428922
1603670
2426046
1544825
1497106
1657749
1642968
1950660
2051973
1719321
1520333
1963289
1479108
1519117
4304490
2679763
2342973
2745099
2171412
2403406
1524196
1745335
1925780
1482722
1958720
1557579
1561864
1692323
1514009
1663793
1546934
2591661
1628708
1586886
1639634
2041742
1756317
1659853
1749005
2343709
2136610
1725683
1625783
1614094
1640434
2426733
1573947
1578158
1829271
1684114
1554170
1643643
6363165
3242829
2240175
2515323
2124031
2371956
4225839
2855022
1569392
1729799
1681398
1515825
1511902
1544980
9152920
2500467
8370638
7245967
15089042
2634469
2404842
2436644
2174189
1705032
1992264
1706982
1818897
3699458
2341442
1792388
1541007
1478468
1624316
2011235
1578805
1559861
1524940
1601545
1526938
1613648
1464818
2326118
1534085
1561030
1595448
1487570
1464511
3349839
1636034
1940013
1817901
1738025
1577113
1574017
1751715
1518853
1636366
1841024
1959675
1501223
2590159
2054325
3399290
1645394
2138194
1734434
1541244
1538662
2008099
2036898
1550558
1549665
1418557
2675854
2152980
1782035
1642064
1610540
1476991
1709397
1501706
1470917
2104982
1596912
1628189
1454842
2116137
2116733
1538648
1656911
1641149
4113309
1563300
1494453
1452730
1480880
5410852
2672021
2214809
2582186
2545742
2455132
1624494
1669067
3939595
1628189
2197743
1688317
1728938
1835961
1726762
1850807
1706631
1540754
4623602
3972148
1964296
6541751
5970574
1872066
6765136
4563724
2245208
1656601
1780645
1644236
2349764
1693699
1692114
1539210
1769745
1716112
1595906
1676279
2270042
2098245
1924008
1587324
1898958
1544434
1665329
1570698
2072123
1828210
2169568
2279606
2041573
1834062
1775599
2071269
2057861
1750270
2465542
1901457
1716244
1627771
1747815
2100979
6282056
3195295
4504903
1764400
5039906
3164883
3002088
1692131
6858061
2283042
2210200
2088274
1763996
2203757
1670395
3190002
5292733
2297404
3870640
3485581
2518026
2332879
2419574
2641360
2149901
2169446
2153809
2280046
4440341
2056468
1687863
1666059
2421385
2151372
1935288
1673166
1615968
1787967
2152423
1787617
2290431
1970931
1698655
1694127
1823001
1633411
1635448
2147592
2027756
2592585
3802116
3931842
3037860
2866150
4422338
2749555
2478117
2113106
2505700
2647688
2567024
2145660
3469604
5327722
1676827
2303889
3037288
2816142
2235017
1777206
1889308
1717078
1639091
1651609
1581783
4371870
2349195
3121620
2711223
2236547
2538807
4504458
3002814
5187025
1885347
2435865
2534244
1959661
1655154
2141463
2201599
1747571
1648837
1687455
1597973
1888467
1612805
1699110
2194177
2635891
6204713
2202886
4485919
2184145
1804017
4547472
1782039
2220801
2818261
1868812
5372205
2407852
3837663
2179776
### METHOD CALL TIMES:
252160
39588
84722
54053
37922
37247
32572
92758
40286
36247
33292
39254
37389
60462
44954
35072
43292
31631
29913
50199
93809
45491
46421
43640
40912
48180
61446
39485
37453
35564
42969
88210
36549
34167
33067
41415
42400
40950
46246
50271
63349
48605
49914
37239
50629
75476
52565
73976
396175
56647
46959
49438
45597
348618
59790
57466
50093
38223
41073
84050
46677
48680
80607
51706
47456
46813
83442
119281
61856
53446
50841
51974
68086
64314
57723
52807
53227
77931
68215
53079
59051
52674
62671
65682
47988
69249
63240
45531
47189
46320
47017
47570
74611
46288
58682
46294
48038
50180
71974
66391
55146
52792
54963
58182
136909
54319
68805
57603
53099
51196
50613
53212
48529
54407
52528
48854
49895
50110
51030
79368
49698
84616
59988
56841
57704
75761
58248
129833
56254
57170
72978
83997
89738
65259
84193
81012
86210
76935
78922
111797
104760
61886
58479
55463
61537
57531
56988
58046
59560
64008
60821
60425
75103
64661
65923
62691
65460
108005
113410
60256
86286
99099
89506
77653
66342
60288
76849
101374
77606
77138
68244
69651
87360
95847
85086
74722
91828
70560
67010
73473
65657
82513
80535
72317
73517
66257
107973
93329
82162
87844
70183
106525
75446
82879
77878
75433
73180
72912
80315
89074
83822
83269
102225
93352
108522
74196
72755
71427
72966
71905
91610
85220
72696
73821
75340
89622
107908
84349
86120
80046
84518
77456
95440
79646
84135
82644
79679
76692
80222
85080
83232
97185
209977
115725
103622
81170
99357
100513
96511
229055
96743
113687
122221
96783
102530
94345
99991
116243
121637
92783
88251
92081
83763
85053
85317
92403
86041
175278
84370
135071
97123
92820
96741
89586
148356
104015
91358
89710
100006
118754
123372
97100
86367
94686
85685
91818
85086
91399
98099
116261
102878
117954
121300
99691
100953
149671
96296
149985
106615
106072
268159
99660
94689
95051
105885
91705
90332
104290
105274
92769
89727
90704
103138
91904
156140
188694
128373
96227
102915
130872
136393
136241
130163
1189965
117081
130517
131477
311257
244457
109298
121250
228769
105555
109826
115520
108132
122527
134466
149469
114344
151567
132168
130044
876762
109741
104269
126448
173498
127820
564850
113413
116749
106033
110795
110443
134007
101319
100004
98158
93538
94978
109487
90934
95990
98701
96054
108799
114855
114352
117426
110895
187462
110571
109976
98957
127766
110036
111992
99575
112930
221407
120151
105455
121855
104662
110372
104540
106448
103646
117952
117251
150678
118089
120338
117093
106497
145741
107713
111120
102581
114528
103767
106658
157835
118346
115003
112565
115776
117473
120632
107554
113884
120798
118113
111058
110727
162988
121184
116834
135297
119244
142420
113958
106923
108338
108602
118514
119756
116971
162691
118763
120795
114395
121289
117817
115013
110922
135798
169386
128452
127823
117175
116722
124687
114654
117101
134223
128286
130324
122918
142796
131084
167266
123243
123006
116693
130747
122510
269834
130894
125850
127917
150564
121066
127280
200358
125938
124037
118807
113495
113121
129365
112537
124591
193266
130251
134281
131259
118397
120000
123126
126526
133100
152831
130740
186479
126901
126073
131601
131166
143680
183572
133411
133141
141585
137023
148096
132095
151212
135798
156839
135859
127640
145722
131502
143866
137039
187807
140826
136970
139390
134792
133601
140023
147096
141402
150083
196166
145920
147667
296447
179291
142358
208617
141976
140596
191064
139818
176384
149532
145788
131680
137131
134811
136771
139207
137485
145024
196031
144407
142344
144406
143517
139911
150438
175821
140104
197124
146428
146157
182521
132811
153665
141850
158106
157688
142698
202298
148458
150326
159915
208852
152881
165646
157851
147473
149889
204395
163830
154638
159429
148816
160078
171455
147491
167082
220788
157720
181444
168686
154621
248546
158157
158190
173366
217527
166458
164557
160736
162005
158894
166890
166196
171837
224219
163783
168308
171419
168646
209462
182389
161911
224075
168497
166719
228136
169316
170892
179237
234056
170364
172561
189579
185297
182843
169209
184961
181687
235233
173143
204252
174117
185794
178085
169100
173589
180180
173281
169350
246259
178343
178211
179370
160229
162782
163694
179850
256431
185623
208900
188105
186672
192001
176763
167741
248946
234462
184829
201226
197841
179835
180773
168765
187265
251282
186532
187009
186664
258631
190694
189625
190699
257744
189371
190734
201498
188567
295454
192596
194757
200259
196639
200180
204332
213014
202989
284669
202467
269141
198532
197071
196923
212215
202984
202105
273782
203033
197106
199637
181426
186328
193061
274271
215266
214647
216002
202619
200311
199549
274293
202962
220096
207113
218833
315286
234644
225670
238179
257133
201645
204946
373075
216983
216076
218550
204341
215964
236486
264301
286968
304344
282020
361505
256821
283607
300762
313495
233798
329526
281176
210678
304659
855901
201883
1011837
288833
315478
382404
422040
252709
231943
340403
266280
830572
1322015
317900
415306
261101
258818
219137
207549
224925
206254
207248
313979
230095
327382
214928
229110
217287
279035
293975
341442
343373
422828
351381
340458
310411
330905
248268
384965
224024
245109
217047
318103
270977
245894
239672
244337
221214
221355
236206
259770
241159
228886
225320
218997
221113
276448
359510
257036
292673
223598
244700
225509
240516
246545
255135
274004
238360
301709
224158
246095
357697
247156
241102
250400
509496
257260
243212
229069
298115
311299
269160
317751
237855
364967
268240
265171
242127
239847
297267
313615
365407
258119
262051
249222
245649
324297
260033
897971
356864
267071
314334
311176
287225
407320
290953
416354
272370
977023
1286935
1103211
356606
269774
279286
1334464
375770
246096
375984
272202
377252
276866
273951
265190
409668
275225
291991
284772
391012
285381
280520
281103
255369
1791100
820691
928009
917220
277054
257306
255692
399209
282030
271655
255347
286297
255333
324460
1675880
381761
1068082
1832830
1113192
342712
276677
326644
287493
279756
285313
281280
275321
271196
399915
289905
289617
285416
274564
280268
512377
924281
1403341
1045514
280709
436864
300801
333096
274324
273508
298696
487977
2240011
295413
255937
349245
391943
290891
311329
282878
261855
283328
393555
332366
456116
312145
288780
315023
287689
287895
265219
279239
496696
292262
290586
314083
401739
295369
336123
302909
680195
318278
319329
405361
310531
296405
308094
512988
463767
314201
301474
293969
285500
349469
318678
291654
279633
1124657
324491
288850
376392
429730
304640
354890
1163204
1273654
1622274
311247
1841800
1565112
1587294
299633
2018572
1544986
430504
305769
307835
318922
285543
291739
294492
297740
295820
429052
318173
301710
300175
312365
437514
346840
317667
317141
317469
321166
340799
333406
325778
378373
309644
305251
427574
339887
316502
318744
377112
389643
326356
308964
435620
291086
456534
326133
315780
311608
296966
291418
376490
614632
331491
331191
334787
376443
350025
331698
337352
452670
460176
350270
321460
340451
306808
496626
339234
325932
344880
374073
345436
337260
1126015
466032
453439
449192
484220
377160
1233071
469372
365757
331610
378969
344737
345636
353395
1740112
544883
2517626
1303361
2648524
524284
524045
710903
442945
361576
323317
319409
399018
384551
369264
350117
355393
320460
329088
482099
357646
342090
324534
359493
339171
322365
323849
487089
356125
356915
342051
316663
324643
482798
358763
415212
340886
340991
401268
345450
354344
336345
326407
467586
319684
339038
438063
370404
733835
366429
497283
355666
364109
355711
497691
464366
345903
338713
334571
518294
496064
367232
348279
362713
335840
347383
374668
334127
501920
378757
349085
351531
392818
502537
368687
366811
365086
381178
375561
355067
335977
348121
451630
519201
383730
438457
487708
546660
384475
368218
348666
374837
528800
391233
376413
488823
356580
389183
359327
386114
727934
870909
380482
1354943
2190403
402758
1876479
1477012
559717
403168
392589
402848
617673
403728
420537
365485
408588
365220
371766
383661
526497
548673
428290
392029
401092
369892
374808
369142
548268
429844
602848
551219
425411
400387
386396
448139
417926
471149
579289
448915
387894
395597
377500
371711
452021
573895
543756
391865
1503701
1350752
461952
383727
2218020
583452
541627
522471
431192
606720
416645
721799
551922
532248
514220
557356
562436
444830
464864
464116
431525
427938
476462
459403
416907
570315
426330
403015
393478
550374
428274
405489
389193
388683
575466
444289
600852
434595
429065
445799
403690
397828
395892
588857
437480
718672
1071851
550681
681741
599436
563863
544121
451394
478194
490009
524544
443301
446977
524905
1925949
448312
450981
605971
492096
597051
444734
452574
404979
407387
435881
404752
591236
527984
454647
502683
450500
488275
896040
737570
1316376
430137
639765
727402
471185
446686
620423
618984
472514
451950
460194
423086
437386
425515
441675
625200
626383
983178
495012
666745
507923
448560
1103963
443348
634993
660899
444861
664494
698210
1053754
473439
### ASPECT TIMES:
136597
6861
60043
10384
7770
5726
6468
45971
7724
10578
8131
9634
10492
8008
9419
5933
10146
6093
6326
9770
12938
9191
8974
8337
8027
9600
32500
7003
6692
6127
7158
48372
6929
6625
5737
7308
8129
7430
8300
14657
21280
14998
11400
5374
6479
32186
6775
10769
56094
6866
6156
12221
6447
44525
10308
19012
5778
5314
5853
6292
7390
6423
23958
6659
5393
5672
36951
56021
5675
6466
4354
4676
5705
5280
4047
4398
4414
7920
13083
5378
4950
4065
4296
7911
5120
8088
7700
4117
4531
4453
4511
4293
9268
4850
5418
4820
5251
4675
6367
4918
4130
4201
4784
4558
7742
4335
7016
5042
5456
5252
5007
5090
4596
5088
4460
4409
4600
5496
4592
28039
4490
7478
5101
4491
4690
7083
4376
48284
5374
5447
5820
7131
6548
4480
6886
6223
7659
6043
6276
7157
6407
4794
4634
4571
4881
4873
4261
4437
5032
5411
4892
4991
4540
5276
4868
4720
5243
5246
5343
4482
6349
6363
4467
4981
5484
4409
4979
9081
5069
8227
4276
4567
7099
27491
5037
6095
6365
5082
4816
5144
4263
6975
5969
4571
5368
3939
9997
24163
6450
8104
5095
7402
4702
5866
5287
4800
4896
4673
5061
5971
5588
5855
6920
7023
6603
4478
4471
4467
5053
4696
6444
6153
4491
4824
5304
19314
6629
5001
4963
4678
4872
4607
5358
4980
5001
4300
4301
4360
4328
4699
5287
5968
14483
7660
7069
5148
6997
8269
6227
17851
5862
5912
8849
7511
6969
6409
6714
7651
7671
5855
5500
5212
5220
5300
5009
5464
4763
6366
5682
7723
6388
5815
5666
5670
12697
5930
5952
5405
6260
7737
9945
6372
5634
5818
5667
6070
5673
5976
7422
9381
7011
6989
6426
7287
7254
7582
6786
10560
8130
6677
14252
5820
5798
6034
6700
5247
5452
5966
8992
6425
6212
5683
10668
5367
6812
13686
10560
5811
5527
9803
9467
8930
8819
57050
6745
9202
10039
15517
21280
5965
6650
27952
6141
6062
6205
6129
6722
20025
6657
6772
7706
5953
6200
36279
6003
5363
9317
18567
8003
9766
5983
6536
6769
5563
6008
8174
6044
7289
5251
5340
5359
6668
5477
5907
5611
6232
7247
8484
8129
7675
7286
13471
6259
6382
5116
7292
5792
6122
5312
5785
8563
6605
5595
5881
5242
5846
5171
5813
5408
6860
6382
7501
6240
6434
5949
5267
6081
5201
6024
5303
5985
5360
5916
7918
5882
5696
5295
5505
5526
5112
4964
5639
6166
6144
5719
5753
7555
6089
6083
5787
5776
34438
5715
4960
5148
5122
5934
6083
5532
8240
5917
5757
5650
6307
5096
5425
5051
5849
8149
6514
5648
5264
5390
5754
5149
5460
5593
6665
6977
6101
6564
6645
7951
5767
6006
5120
5877
7086
85856
6508
6008
6633
6114
6646
6631
8165
5928
5628
5084
4890
5332
5426
5408
5672
7332
5609
5613
5822
5628
6201
5853
5692
5573
10821
5549
12957
5723
5513
6658
6136
6678
8033
5749
6047
6795
6452
6519
5973
6312
6140
7645
6631
5773
6490
6024
5728
6506
8027
5558
5831
5866
6218
5951
6250
6881
6568
6681
7605
6331
5689
10948
6311
5820
10207
5708
5620
7810
5680
6346
6568
6525
5426
6474
6523
6066
6790
6268
6368
8367
5715
5511
6171
6292
6040
6440
8380
5863
7593
5546
6349
9982
5142
6635
5992
6703
6517
6028
7836
6148
5944
6729
7831
6056
11361
6516
6213
6554
8183
6374
6916
6427
6466
7301
6454
6545
7680
8541
6288
7022
7126
5895
7844
5952
6020
6392
7614
10490
6531
5356
6552
6382
6505
6769
6790
8113
5399
6156
6523
6599
9979
7284
6665
7637
6563
5813
7593
6377
6671
6886
8049
6266
5931
8518
7422
7337
6443
6972
6607
7829
6250
6422
6413
6442
6686
5477
6080
6559
6801
6173
8701
6370
6500
6611
5904
5834
5543
6183
8343
5718
6434
6145
6999
6738
6635
6181
7842
6411
5898
7699
7706
6255
6163
5829
6502
7510
6662
6206
6519
7890
5706
6415
5733
7854
5478
6125
6571
6428
7149
5986
5778
6921
6389
6305
6713
7481
6698
10592
6109
7132
6355
5738
6388
7133
6850
6994
7214
6799
5517
6276
5731
5859
6270
7289
6534
6191
6317
6568
6842
6678
7861
6377
6564
6271
6844
35398
6668
6828
7218
8900
5908
6471
14225
6167
6342
6180
5863
5440
7980
8021
11138
10600
9520
16542
8336
8312
13305
11919
7299
12575
10520
6038
9834
14013
5985
36033
8520
9286
14700
14158
10762
5658
13380
8334
63020
38358
11004
77237
36851
5935
5611
4888
5652
5389
5167
7309
5732
9104
5129
4867
5634
8123
8554
11169
8861
15329
11344
14035
10038
11072
5482
13757
5227
27314
5550
7066
4724
5806
5472
5793
5212
4903
4931
16644
6138
4362
4587
5435
5073
7600
11895
6117
7206
5244
8026
4987
5363
6031
5583
5602
4914
8380
5268
5480
8341
5922
5863
5316
16537
6073
5912
5714
8807
7731
5471
8230
5383
8958
6040
5570
5335
5981
7751
9747
17873
6128
5568
5820
5504
11342
6118
21252
8373
6480
7726
7433
7266
12344
7126
13668
6074
24578
43602
28565
12339
6637
5989
51304
9439
5240
8421
6322
8353
5738
5564
5380
13035
6390
6325
6050
8526
6790
6460
6935
5506
46705
45781
20640
19967
5676
5494
5814
8915
6032
5780
5300
6026
5618
6252
31597
8822
25137
51015
29142
12511
5502
7304
6740
6094
5823
6265
6258
6077
7743
5940
6077
6618
5843
5649
14634
18219
53040
20791
6935
10009
6279
7933
5337
5602
6284
40531
28639
4230
3934
4668
5125
4077
5260
3349
3334
3466
4544
4845
7263
3608
3633
6159
5544
3621
3187
3902
5386
4721
3621
4401
4135
3538
5165
3653
14471
4145
4096
6451
4340
4273
4216
6728
5285
4106
4125
3683
3702
5349
4616
4366
3846
17413
3883
3411
4656
4807
3830
4057
24007
17678
25592
4340
28336
23096
16850
4385
23027
25399
4948
4259
3912
3999
3483
3654
3676
3737
4017
4752
3583
4052
3923
4367
5266
4593
3663
4063
3897
4032
5478
5439
3514
5189
3617
3188
4003
4944
3481
4315
4007
4250
4063
3598
5871
3276
5091
3779
3801
4480
3690
3580
4428
9315
3794
4677
3738
6938
4137
3471
8162
5287
5138
3855
3927
3925
3947
7176
4647
4282
3903
4403
3913
3857
8788
7875
6144
7589
7120
4382
16296
4324
5607
3883
4201
3999
4095
5878
26558
7349
28471
20429
29412
54727
20696
6315
4381
3438
2079
2731
4460
3267
2362
2791
2640
2345
2385
2689
2365
2089
2415
2673
3272
2324
2233
3348
2041
2506
2839
2195
2207
2353
2055
2616
2757
2467
3120
2536
2183
2660
2557
5381
2659
2355
5161
3031
9715
2943
2862
2562
2452
2580
2758
5257
2543
1894
2146
5614
3005
2684
2057
2460
2404
2723
1855
2180
3398
2419
2804
2683
3036
2587
2534
2657
2466
2131
2401
2848
2364
2406
3163
2659
2631
2794
9054
3141
2223
2915
2448
2307
3459
2734
2380
4107
2423
2578
2563
2151
16220
6423
2212
18742
19531
3097
14025
16041
2558
3023
2730
2525
24243
2711
2286
2032
2404
2381
2656
2617
6420
2781
3231
2359
2714
2262
2315
1920
2251
2586
6779
3054
3026
2766
2363
4240
3007
4185
3094
3252
2160
2773
2351
2458
4442
5865
4121
2213
8218
4601
5026
2657
18619
3270
5960
4951
3263
4131
2264
5780
11187
2343
26804
3242
4464
3297
2981
2484
2427
2876
2802
2446
2405
2993
2606
2501
2353
14416
3574
3102
2606
2328
3398
2467
3336
3234
2318
2656
2377
2574
2640
3240
2808
6414
14020
3431
7676
3698
11114
2576
2238
2498
2766
2812
9031
2188
5037
10609
2515
2599
4252
3353
2581
2583
2653
2342
2166
2438
2334
13794
2331
2502
2675
2600
2504
9789
4219
12735
1873
3705
6573
2700
2214
2998
3280
2578
2240
2165
2179
2731
2396
2200
2705
4768
22209
3193
4567
2331
3028
18141
2466
6657
5506
2662
5370
3958
6648
2507
