### GLOBAL TIMES:
11872600
5021917
3121921
4296341
3681386
3059829
3224155
8332049
3912955
4271546
4100488
4519632
3965353
3806415
2738952
2152392
1373863
1595793
2106067
2600704
2720398
1885536
2045001
2304416
1908221
4947927
1915576
2591431
1480157
1699873
1257193
1618172
1348648
2554348
1510354
1582643
1680525
1151415
1324152
1940303
1380196
1720837
1767279
1326461
1043859
1281971
2290584
1221326
1385885
1197085
1421741
1454818
1304527
1427067
3028044
1552793
1707257
1367702
1294794
1270010
1183658
1165627
1369681
1436770
1319277
1213425
1211503
3069823
1577223
1454634
2189500
2018005
2096651
1974209
2325101
1654159
2375285
1781847
1987432
1600457
1612334
1328975
2351760
1629790
1366532
1769071
1161057
1512266
1387872
1176522
1247739
1642643
1106554
1070934
1061779
1362973
1381722
1514332
1662917
2410491
1904193
4968643
2050616
1654927
1931416
1668122
1647253
1190343
1324424
1174930
5619072
1037975
1245245
973376
1367334
3055297
1665964
1562753
999856
2144782
1365943
1987580
1010454
1462891
951947
970464
1178790
1506957
5228008
1852083
1702438
1728083
2159862
1565334
1137382
1655633
1669393
3136781
1950043
1636987
1601376
1503952
1574224
1717347
1397020
1565906
1379652
1276016
1495459
1416917
1323749
1666086
1508320
1533763
1520713
1933114
1117112
1190940
1041531
1069361
1146016
1847527
1124082
1070654
1031406
1079010
985259
1077731
1293854
1835949
1262191
1085201
1026204
1324338
1170872
1091212
1102708
1153461
1055570
1151539
1603692
1113170
1233254
1287982
1124554
1354549
1010394
1065893
1175540
1055505
1001343
1300665
1991689
1283706
1513516
1015364
1032228
1137569
1047941
1023064
1140814
1738527
1221551
1550770
1236475
1116255
1060053
1046741
1046483
1167457
1170517
1224377
1170133
4098777
1905204
1802853
1655239
2036043
1993827
1657061
1559923
1579706
1633711
2260002
1325508
1460524
1525376
1346922
1609859
1414096
1293502
1685300
1296236
1151178
1271022
1251414
1400535
1339540
1623525
1818304
1471138
1240488
1368533
1158620
1454038
1206971
1131507
1204808
1201276
1305407
1161973
1334816
1344272
1832087
1150433
1375926
1375259
1441494
1384791
1085173
1382005
1585334
2121007
2113756
2226951
2073236
1883486
1624362
1759998
1208870
1397453
1740142
1414627
1415253
7531092
1603676
3925385
3678341
2761865
3977634
2222946
3108456
2047893
2100027
2254359
1554860
1680252
1657033
1996153
1965812
1726057
2524798
1749428
1727160
1477343
1720486
1156165
1429264
1858888
1906185
1550427
1349292
1398209
1025084
1484118
2015795
1892010
1404375
1222444
1349056
1177213
2172606
1589295
1135544
1217625
1280241
1183833
1500365
1267411
1177867
1463013
1298322
1365411
1238482
1115483
1218808
1146559
1195380
1093000
1899145
1278327
1258893
1213891
1361789
1387727
1245222
1216989
1311030
1290173
1178572
1506013
1249751
1927191
1166503
1332837
1190214
1280164
1288350
1522326
1163048
1560450
1272361
1207042
1451178
1856755
1419771
1338325
1513106
1406704
1295264
1501938
1552565
1479560
1521353
1229577
1321670
1477099
1494676
1582216
1156137
1364654
1112795
1309158
1742406
1893469
1848655
1756640
1959864
1578691
1293544
1067867
1339157
1118412
1274325
2150907
1331486
1356404
1353058
1117122
1160652
1165104
1258564
1062804
1214711
1647106
1239829
1361108
1175436
1242119
1274179
1203842
1126116
1359382
1238100
1172868
1196444
1403855
1240602
1108606
1383663
1128229
1203891
1716915
1507974
1504298
1249700
1769236
1309430
1247219
1304945
1256083
1678949
1830862
2037848
1241400
1465010
1228662
1296310
1198535
1484835
1679193
1200115
2062071
1951088
1697602
1808553
1317037
1477246
1498428
1271883
1363109
1856937
1476145
1308584
1513379
1449882
1610199
1711987
1426995
1443140
1341086
1311062
1420361
1387456
1213036
1365130
3452930
1254849
1138387
1546163
1409029
1471777
1155996
1196912
1154781
1176106
1320156
1808614
1225328
1685391
1744866
1266197
1836780
1278491
1516526
1345688
1140547
1145310
4415191
1234650
1315786
1264152
1558787
1446719
1271827
1630581
1299934
1393592
1511070
1368245
1622970
1278704
1143659
1307437
1327979
1469777
1490781
1798302
2361260
2273519
2610466
1618781
1358696
3154459
3354482
2021719
2163282
1915060
1858998
2424532
2459650
2787232
2635023
1310027
1473162
1265055
1267792
1327260
1477786
1362940
1404205
1193686
1321229
1964196
1952286
1439943
1322236
1199076
1907487
1297784
1264824
1346667
1262128
1216316
1252718
1317373
1227299
1531185
1544072
1484654
1175534
1908597
1634438
1632902
1238648
1282477
1389985
1515486
1394666
1413017
1583977
1364318
1350813
1477695
1824679
1398954
1340671
1460829
1320331
1317325
1257034
1496608
2133282
1425848
1815156
1279229
3343958
1573795
1465182
1408500
1461177
1557309
1472182
1964351
1486464
1484873
1384026
2135997
1688908
1850400
1462374
1934108
1254967
2046557
1715674
1519519
1566027
1501882
1446542
1423983
1565742
1334901
1542514
1357542
1430820
1580387
1911023
1547770
1604033
1532020
1467747
1549319
1546283
1459068
1409614
1434378
1563230
1385563
1552247
1361883
1601510
1419434
1447574
1515316
1774943
1692795
1247016
1455650
1420384
1338233
1319766
1429387
1356292
1353456
1404786
1235008
1317083
1362894
1301280
1312699
1449483
2450503
1698154
1688032
1831973
1863812
1638884
1440267
1489860
2171753
1848171
1726771
1757950
1667282
1619907
1300508
1344120
1671261
1497340
1304068
1308935
1282884
1333480
1472557
1355482
1913693
1263367
1286280
1498831
1348040
1217904
1228474
1986372
1499733
1491287
8124034
1361784
1355390
1580812
1719840
1537543
1988095
1415711
1314299
1468863
1590247
1391080
1463902
1503701
1257493
1693818
1568320
1524255
1714963
1430699
1546192
1418489
1731572
3543579
2464823
1951099
3241642
2591906
1886351
2372858
2197529
2156782
2367656
2475050
2357110
2166444
2186734
2852098
3156242
2370040
2797268
2588847
2829454
2506268
1986962
2044959
1850966
1348281
1400211
1963269
1864687
1396449
1442580
1994951
1342216
1452125
1414451
1594817
1762494
1424766
1506555
1342520
1492473
6105279
1549983
1477791
1853328
1468857
1834512
1657642
1261704
5573491
3915543
1628889
1596706
1641780
1410346
1529467
1859633
1527695
1328504
1488146
1550416
6321886
1729477
1601434
1680780
35165271
2695033
2642718
2595143
3070784
2740651
2164914
2360094
2409425
2055939
3879302
2803546
2805201
1851116
1703451
2185640
2168709
1479475
1479475
1410809
1525814
1693905
1506243
1366728
1474283
1421625
1525683
1616689
1529586
1553613
1697735
1366048
1541200
1430406
1258224
1385458
1471129
1531005
1438922
1316807
1429427
1682349
1736673
1714587
1754437
1896365
1552961
1502432
1467493
1414266
1450897
1487673
1454946
1341330
1410628
1461106
1486426
1518426
1362009
1479379
6353223
1338266
1371278
1294822
1414672
1426530
2230411
1610568
1539969
1581306
1875077
5081615
6891021
7224153
1505574
1734156
8028632
8634773
7355388
1602737
1798832
1696687
2013338
1579559
1679705
1746638
1644491
1573363
1887934
1649503
1815566
1433578
1974570
1886260
1444528
1752294
1400188
1927509
1409111
1766479
1652396
2329559
2627577
1533743
8667470
8093434
1953639
12519951
14119844
6771196
7749914
9665354
7563645
2246475
1571255
1718155
1552973
1591270
1557388
1690232
1589339
1643836
1668983
1998364
1524189
1914879
1566722
2310402
1639681
13531513
10398913
15228450
10251497
6085264
5705272
9308950
3538664
1886207
1677929
1700456
1751700
1570242
1856023
2008297
1905634
2409719
1683771
1357586
1490477
1575975
1401226
1365213
1503078
1455608
1397791
1660706
7917467
1756192
1491500
1700663
1763998
1442053
1607733
1651412
1709143
1471273
1790857
2196009
1823308
5613377
1609320
1449230
1505346
1674321
1577220
1454107
1571986
1495340
1602707
2760019
1669770
1776848
1467842
1589294
1455840
1540311
1546937
1618954
1568804
1480357
1943011
1452338
1578335
1674469
1372901
1480450
1442824
1367895
1724154
1940394
1602378
1493099
1683791
1467006
2220260
1619616
2156127
2066396
1701073
2094452
1563813
1511766
1610590
1521581
1313955
1354570
1459335
1551439
5534426
1447542
1390520
1370270
1421081
1806200
1449525
1689809
1548302
2081314
1533213
1599744
1536855
1499689
1686382
1954395
2072138
1925393
2371752
8896208
7143846
11002664
11917043
14014309
17256283
8522357
12546943
2200891
1558118
1522714
1559594
1501110
1334872
1455795
1397808
1465914
1421675
1662941
1958479
1474125
1456483
1492401
1528156
1516190
1506576
1460026
1582298
1591570
1509551
1624442
1576058
1409490
2117153
1639703
1489548
1434723
1487303
1410562
1386923
1499051
1622686
1397608
1393256
1326572
1384413
1741159
1408981
1390052
1310160
1404509
1601521
1540445
1882363
1342972
1362928
1389960
1380356
1325862
1280183
2584839
1309947
1539271
1383646
1364038
1403265
1474038
1360476
1380919
2265776
1305137
1390526
1372009
1356695
1332679
1260065
1378854
1341771
1484189
1328144
1403297
1921419
1340564
1353813
1272654
1213762
1352562
1530537
1309188
1332786
1253130
1362443
1218865
1417162
1376173
1849392
1306260
1318138
1312363
1286100
1255200
1317309
1357170
1349010
1470637
1236937
1777369
1316697
1338760
1299252
1311374
1323971
1277904
1297698
1384216
1454939
1474059
1306640
1522625
1297407
1240825
5313987
2884055
2797764
2668476
1750433
1845722
1557614
1732495
2222045
1785523
1562021
1696065
1934859
1390908
1364087
1499007
1322149
1321535
1500921
1419253
1532431
1338843
1414943
1253502
6121201
1435783
1486519
1415870
1298168
1419901
1626670
1311333
1557449
1429207
1545593
1395504
1741455
1866618
1382511
1458035
1454441
1393173
1597061
1440097
1295212
1399524
1491536
1364069
1464273
1409564
1423541
1538021
1440454
1298714
1958913
1474391
1400154
1362788
1420857
1327330
1381931
1343319
1371235
1511828
1515756
1335073
1969804
1516371
1432042
1410146
1331361
1339840
1408850
1339801
1445523
1575410
1474113
1368891
1356859
1499650
1376931
1327309
1491408
1339940
1335533
2244358
1492157
1442553
1500095
1334346
1433623
1323824
1368086
1381269
1359423
1313811
1571722
1466783
1308064
1547782
2009776
1537235
1546345
1376873
1338100
1345248
1484429
1326546
1461062
1363373
1526017
1472601
1566608
1519839
1368309
1398780
2101454
1572284
1428070
1575575
1335456
5120915
1330142
1433105
1539675
1409037
1298349
1447283
1530052
1454745
2059240
1490333
1435959
1453248
1384253
1350284
1352813
2083773
1461846
1455020
1743798
1428039
5193574
2454889
2547620
2439613
2568508
2275466
34918706
2429998
1819464
2325370
1609165
1744484
1492541
1656128
1424773
1462811
1553238
1576022
1518867
1520088
1447323
1481659
1484134
1511291
1425120
1795864
1564868
1803985
1851100
1663766
1448680
1533696
2374403
2022635
1589298
1645582
1492488
1537200
1664027
1523087
1565705
1761991
1643111
1921534
2099498
1515847
2069486
1422391
1561060
1667369
1531896
2242926
1575749
1586795
1565015
1579624
1654336
1452940
1441539
1609447
1615856
1501362
2217000
1561274
2415859
1829092
3914484
1610300
1677419
1705478
1608217
1763570
1508664
1658493
1582642
2271247
1709331
1706245
1867970
1646223
1666229
1593417
1604209
1703980
1761238
1552253
2057142
1589463
1586977
1610617
1665294
1781521
1524171
1502314
1466868
1480803
2066692
2471560
2435024
2183778
2220881
1862281
1810724
1620475
2069459
2264544
2524496
3016440
2991089
2960106
2079551
1759755
1922593
1933337
1641371
1684283
2061516
1465172
2752909
1684640
1591480
1558145
5821149
2924702
1975919
1661946
1660288
3364965
2255279
1554124
1667366
1566456
1547687
1562706
2027687
1602813
1641228
1569412
2697232
1655440
1659711
1848513
1698578
1845050
2251053
2004875
1802246
1621535
1820160
1993838
2928687
1599379
1624498
6167330
13361311
2353689
6063450
2173685
7698045
2280688
7430631
2760920
5639316
2939018
6376040
2261289
1885094
2300043
3170326
1683498
6017362
1728121
1824681
3174372
2157884
6998479
1563697
2215066
3036628
1658636
2104869
2836230
1765823
6451005
1784217
2869467
2597392
1796616
1512789
3936019
1961805
2568590
1652945
1540231
2577738
1729940
2748409
1600694
2105589
2388781
1554928
7075967
1657677
13070116
1830032
6561561
2198864
1671884
2554382
1532223
3718858
1844078
1693725
1925236
2220462
2838291
1677997
5342442
1757833
1521578
5317096
2402431
1723636
7158194
2810798
6100122
1757596
1782552
4878235
1696024
1967647
2770665
1576876
3280159
1719320
1933266
1908645
4610087
1652571
1641980
6502153
1759813
2000575
3860187
1799423
6741327
2246789
2975870
2340962
1727129
1894822
1588432
1657646
1860317
1857330
1887596
2816222
2012951
1896743
7254145
3764638
4612316
3319526
2054359
2004637
2606342
1833153
4029209
1728113
4012520
2293053
1897329
4153439
1701776
6519169
1682138
1861197
4427257
1636899
3848706
6846868
3021895
7413947
3315959
6190940
3265346
4239093
3684394
3065248
2159340
5713421
2447497
7146882
2486955
5784384
1848295
1659944
1669642
1755029
2797822
3268764
1805715
1769724
2049034
2553096
2194160
3357096
1785549
1696848
1607077
1955978
1901597
1843351
1792701
1681934
1940784
1747391
1757925
3417335
1891083
1808438
1665939
2489988
1829933
1818604
1697499
1839540
1822885
1740852
1721749
1612979
1999519
1730983
1728587
1751614
1827826
2159002
4014243
1734907
2889528
2846209
1880133
2686241
2688464
1735679
1684405
5718938
1969810
1883444
1876604
2040228
1901774
1729706
1789955
1813253
1901433
1955974
2275777
1789206
2551358
1767303
1996483
1816358
2136160
1672568
3448588
4589564
2537772
2667072
6720638
2944287
2591134
5686411
2536637
5794495
2933590
2429311
5480107
3126950
2552347
1799269
1758932
1682975
1626295
1781292
1722791
1724493
1634224
1731379
1784036
1787079
15572963
9158216
28559805
8134889
13448267
9446771
11331505
9927025
12326519
8822006
9116335
3006745
11078544
9568660
4731965
2943109
4506906
10759253
12082327
1968698
2221239
8727678
8505439
9285811
9484509
10370864
10471110
7646077
7089405
1832118
2022358
1629831
1859886
1913112
1676994
1845838
1785691
1639379
1871487
1815572
1780841
6471746
6052819
1837147
1800016
1892606
1777271
1776971
1678470
1680735
1789581
1801009
1896436
7960079
5197806
1997840
1749109
1755474
1871609
1874533
1829580
1787380
2104939
1906933
1749718
1830145
8333016
2051314
8253537
9955822
9910386
2281448
2233844
2221071
16984812
3200721
5170350
3933460
15807178
2208205
9808223
9025369
8461659
2691743
12369060
15326112
11496825
8703126
1803813
2287845
1848535
1920357
2132209
2131030
2290152
2080292
1919059
2081922
1964126
9657253
9219076
11187489
14344086
10199899
6572988
1880774
2518300
2041648
1895307
1816857
2035550
1618345
1839507
1759839
1744994
1647199
1683341
1819322
1687448
8745306
10091710
4434849
2439674
1935295
2144645
13031352
12585274
2731662
1864220
5705313
10391332
9384098
8370679
2134063
1758081
1710774
1777150
1784282
1955351
2054706
2901835
7503924
7121029
3021980
2520407
12406242
11174855
10287027
10898230
10953998
12497065
7345591
10038775
8274011
1886259
2162810
1915720
1707397
1986690
1976564
2139197
1710689
1956268
1948812
1813910
1674869
1699755
1947967
1705293
1887310
1713035
1837737
1765560
1929425
11788701
2114097
2024802
2468606
12318495
9874464
8835213
4802186
2920257
1955690
2105959
2541689
8436598
1855923
7300970
1831903
1747800
2062868
2221175
1842253
1678821
2276538
1874118
1937712
2190051
2247761
1827759
1954542
2348314
1955747
2808280
1920819
1930341
2007144
1903421
10321248
11909985
7027017
6742140
1911072
1890499
1891808
1938481
1863679
2116189
1857313
1964200
1911777
1919973
1813118
1973612
1959750
1730117
1916149
1785773
21329243
1829844
1977419
1774188
1961577
1850990
1839159
1679800
1704671
1756339
7130516
12599571
12887754
7230914
8564221
6735014
9162207
1966791
2637417
1846345
1830024
1829895
1866094
1941464
2107871
1958174
2078438
1848801
1828685
1900567
1838021
1956343
2256234
1998389
1851474
5260567
2027596
2001098
1841871
1777408
2176548
1943301
1823190
1781698
1948802
1865499
1964776
3012588
6181023
1904638
1743470
1740127
1722992
1783488
2968570
1994157
1835573
1905374
1804971
1983074
1882179
1830193
1921096
1893947
1805717
1815969
3208646
1869517
1910380
1747199
1796310
1928911
1836505
2588574
1829593
1850121
1749521
2110121
1830706
1905703
1924363
1852211
2618609
2070452
1936856
2048344
1788350
1733865
1738535
1766248
1706390
1966158
1780663
2353020
1797091
1735108
1718425
1757753
1706197
1798253
1814378
1843080
1782458
1918658
1679466
1661779
2340439
2043943
1964564
1871288
1816071
1745040
1793996
1948170
1911324
1922462
1780097
1936852
1912947
1794120
1911506
2377234
1883800
1921508
1800597
1786610
5356712
1674895
2037820
1718107
1906208
2053910
1933500
1912646
1876815
1755635
1783543
1894611
1847000
1701278
1913148
1693089
1911724
1827642
1763739
1804786
2439655
1780928
2016735
2049865
1937594
1970437
1748423
1784383
1976939
1751595
1807864
1911714
1680509
7569828
2713227
3037395
2580115
2842403
2946744
2599418
2546118
2655947
2478100
2860078
3165998
2337180
3089411
4295071
3646158
2666545
2407236
3737498
3191490
2378334
2028728
2011554
2383095
1942446
1817452
1966947
10963483
11776593
5321872
8689623
5505526
1921681
8996730
9257742
11889071
9422152
2702571
2153067
3823970
10767521
11391724
10830433
6870942
3015400
11842705
3449402
3057903
3544590
13085997
10049151
9667543
2472483
2017683
1951857
2114085
1738365
1941455
2748473
2241683
2170425
2009485
1737552
7025318
2050580
1798114
1771671
2047240
2124430
1751260
1754765
1772182
1925632
1901408
2256310
1792252
1853408
1952136
1780815
1742607
1820396
2015049
1766287
1793446
2501315
2876006
2018319
1940032
1957796
1976462
8566155
10760490
2775345
2248055
1978410
1952173
1768558
1977201
1924731
1829151
1773496
1833023
1751687
1851724
2000835
1977576
2124604
2131598
2191700
28780881
2405986
2349550
2671210
2549060
2840786
2417813
2874631
2241700
2076190
2214551
1999544
1983023
2118050
2038407
1821763
1916663
2062651
2201502
2080829
1869360
31768691
3344464
3765688
3051605
2744113
2142983
1870271
1978467
2127585
3321031
3123183
2036621
2348600
4950756
2281450
2382688
2474889
2310520
2036443
2271224
1858930
2080233
2170907
2163328
2551275
2895581
2025503
2107981
2134387
2569435
1865674
3411190
2330891
2030715
2347508
1951767
2063908
1853708
1935475
1845783
1992481
1973771
2391949
2014678
2222687
2332644
2981790
3863859
2116957
2016994
2622900
1885549
2380887
2714517
2087035
2469756
1960434
2691964
2004553
1979667
1919896
2484836
1975514
2077100
1910069
2168797
2025762
1986571
4787275
3538819
3252422
2678348
3220147
4062674
3589839
3222305
3575337
2765367
6193328
2954700
4804590
3410785
4257591
3324230
2018994
1883193
2013539
1880632
3629719
2030222
2244216
2101810
1889855
2018230
1990043
2828448
2084114
1877414
3739646
2040193
2861366
1918424
1966467
4555519
2510209
5556527
2265566
2279277
1871602
1934574
1776063
3774500
2005845
2486285
1884320
1876817
1871847
1902924
3753909
2232778
2473511
2010787
1946738
2047587
2402578
2121301
1930095
2399387
5241777
2457566
2618892
5673421
2422303
3564344
2582466
3091937
5751341
2171786
5046332
2481429
2833279
2955800
2861908
5034613
2788518
2208066
1847905
1831693
1987257
3436270
1917620
1953989
2175520
2006223
1885481
3208122
2130842
1990456
2188748
2015930
2581896
1951925
2037033
2013609
2610339
2013616
1808064
1972196
### METHOD CALL TIMES:
169946
60489
108223
60225
44412
48040
48585
92057
63151
36753
57674
48172
34795
53563
37994
37205
36484
34528
43427
49454
50793
47466
50209
53480
68145
47421
89081
47840
34452
51296
35738
76880
74954
58435
39596
43283
40617
38447
39955
63612
38380
42198
46265
59833
34163
86373
90136
47495
48257
46883
46352
46320
42757
45584
56254
45855
46151
45593
44757
43193
43052
45301
43786
49310
44372
79740
54849
63141
51314
61513
52447
56121
78053
78604
106450
62952
60999
45444
97830
65459
105599
54971
66428
49140
46970
65663
50902
49350
63868
44023
50896
62105
47795
48397
47559
62749
59731
60608
69408
86653
64420
447753
71831
66822
65016
73609
77326
56533
55480
59115
293675
58310
54165
53964
73118
61317
75428
53972
54916
61249
54090
122703
53077
93584
52632
52246
55100
81356
128217
81405
57268
63906
79842
57696
65449
79712
75056
118346
84746
64360
72333
95105
70365
80485
67212
55712
59294
62573
57794
70750
69930
65813
61598
63064
75440
85713
66769
80600
74689
57581
68774
77238
61462
62906
64777
59908
73374
71125
71734
139729
70600
71231
68638
72942
70293
70807
110570
70875
68157
72537
82687
65589
65975
65044
64702
65146
65759
64823
67216
65643
65657
88760
111131
77509
77189
69659
71195
89000
66921
68561
68772
106715
84979
93045
86461
78979
77038
74112
75773
76912
78045
78760
76308
169812
95646
98315
79701
78386
91723
97004
89558
89728
98393
119287
88617
86438
87888
84107
89196
84045
107194
111952
110159
85314
81770
83716
94880
104711
119240
137866
90793
105545
100614
83850
91605
94365
83144
83559
90832
83766
89063
93358
88478
158433
85917
95000
113343
132463
84214
86048
76243
119400
128877
103762
93133
106266
99851
109661
109957
100173
97695
104701
108573
87751
148253
107514
136809
274759
110485
178910
124782
372841
130007
104497
137377
90627
115080
97083
106766
102872
92462
107492
118303
140518
106082
147959
106262
156133
108583
121005
109137
121502
107562
93027
102826
142067
134434
104658
104824
95149
107205
316348
112189
97113
95165
95360
96419
104541
99387
97309
103796
97392
100342
107140
96480
105538
96927
104916
99969
155463
108353
115050
108923
125815
111320
111010
114859
104760
105453
105793
135365
116332
127083
97330
98996
100927
99990
103103
100340
102441
132043
107878
105744
110627
158334
122691
124829
124236
122039
112936
123841
120798
122954
115090
114736
117645
117354
117253
148690
110886
112822
106791
114151
127935
136853
112423
141727
142304
124724
115383
103225
133027
106592
114741
166899
108905
109502
107779
116919
111255
105951
136446
107399
107303
162927
121496
121278
115452
117084
116006
127449
120911
108719
121201
112941
112901
113691
124622
123753
122434
114077
112677
170228
134100
154928
118861
174523
123885
110938
122141
123277
186914
188534
132242
118394
116889
125539
123764
116441
126669
176115
120210
190246
162413
227580
178143
136697
150334
161655
128941
136670
132859
129026
126104
144568
139380
141786
142073
134986
125200
124760
125360
127308
126852
124848
148622
176916
128654
124062
124109
120515
142325
124084
131069
121258
125599
158163
147988
127449
128848
162998
135525
173003
125984
133485
133435
122931
121258
314464
140028
129816
129267
140282
155692
136131
150079
135979
151908
136124
152198
136590
141344
127713
141977
138939
140224
151347
198174
165951
164064
232755
176049
129567
166250
191323
169103
194518
265402
203530
213010
288758
178708
148884
146160
146886
142524
160593
148575
147644
152283
145181
141454
149797
190195
144196
145650
138962
139276
255191
138997
139055
149909
156017
147135
151909
155020
163313
153980
246271
156036
140237
215908
163681
158642
146425
153697
168058
164081
156160
149000
160067
148865
151322
158305
214896
147821
141459
148072
148436
147607
151020
151965
193610
161830
189843
150584
216407
169211
166698
155119
160630
149632
149102
168075
150858
198642
154263
160438
152368
168035
154107
153790
146602
226059
170636
173002
163397
159089
160107
162927
158517
159246
278429
159883
170244
161986
230492
175546
183551
166555
161376
170357
173590
176323
163380
172896
160700
160860
176525
163432
168838
178722
163991
164887
232097
179975
160206
162010
174241
163160
179106
201666
162266
241096
172702
157255
160567
156151
171043
154214
175163
206998
195153
195200
196034
210365
197194
156973
164916
207596
197443
180607
164708
208327
169607
170540
160088
237200
171834
175972
169330
170432
165961
215394
170005
264299
160447
158921
168534
166323
161723
160919
248127
193980
183626
177865
185598
167696
225694
169661
216508
243370
193822
181194
173459
187002
166167
181020
187626
181182
177827
176734
197431
188778
171828
198395
183462
223508
402267
319288
224813
449405
270844
215110
258663
233038
241044
248536
246513
228999
220514
249505
365602
395230
256178
244649
251452
306708
384096
202167
247734
177571
169754
177032
234099
178653
181388
174019
318819
176742
182204
180560
188480
258424
199194
194970
202887
199659
209386
191330
198519
205533
208523
198569
191305
179954
824074
768453
193429
200068
194299
189298
211479
211261
194785
197822
189783
193601
293053
194155
206502
193656
197619
244371
236682
255165
320662
210192
201399
236537
220177
222675
400649
217896
238983
269873
224328
300859
221188
189567
192189
205221
188735
200333
204288
188262
207912
201180
200172
190006
213028
210246
275440
204253
206626
197959
195079
212753
186359
205779
214025
216294
207481
261197
223926
280105
306372
215812
208645
205712
187522
189509
208491
198809
199744
207862
196081
216649
305071
215032
192028
199917
898738
196759
205994
192649
209378
199492
268077
218017
214292
218663
275429
261622
1207123
666514
211843
199917
899523
1169056
1174657
208603
231143
235413
240938
212252
293801
211239
270287
213623
227235
219783
292334
201819
423270
256993
209370
291679
218723
279260
219838
296769
215641
286253
310959
232170
1190641
1265796
248966
509542
1687615
1134701
1222796
842619
873797
325183
243858
230828
224887
247626
224558
235188
226543
227959
220187
243329
232794
236844
230200
227481
236190
1433021
1475252
3693775
1123658
946617
744937
992856
844959
251193
232060
237985
256488
268874
349626
309709
239440
445783
384595
223116
213205
222772
205138
223102
222926
218056
219019
228288
906792
350014
224408
237275
225353
221847
258620
241874
212628
257342
209608
329153
246674
249584
224652
223679
224471
273633
224722
222470
231821
224518
227001
340466
258928
246540
235288
225032
230178
228403
230949
272929
226005
226934
392760
240149
226680
266062
215614
317386
231640
219713
234605
286465
262301
251120
274678
217781
281606
238911
258356
244154
235458
346518
243147
243126
299576
230148
222025
220963
234823
240285
220219
243119
231828
221448
215944
252265
233382
224979
223186
229446
224115
245415
238449
267227
232900
356331
306564
254086
323215
863405
572220
1576081
1198539
2125117
1408714
1117969
1925665
355536
271865
273676
269029
248567
249373
257104
267025
247505
251636
295165
356783
270506
260865
257424
249287
251532
267720
246458
250803
249298
269224
257384
284421
265252
368326
275205
263264
274572
282738
253537
256910
258717
264307
259782
244298
244173
240818
280343
238620
261665
243668
261964
263691
262482
443440
274138
255685
244585
256700
259920
256693
350144
256749
253911
242575
228422
248742
264608
240371
229950
361522
263247
260387
264481
246191
263790
253944
240232
239448
264399
245925
240920
357734
261851
260543
257850
234175
261432
263271
245518
262882
265028
261523
240503
264437
256004
364654
267807
267649
254874
273198
240859
253445
269331
261870
257833
246431
373000
269817
271306
265524
259994
254892
247736
244670
270394
273672
274781
245362
272966
248668
244767
295128
352670
327018
318704
271136
267290
263101
280795
284996
274265
274267
272985
343899
279107
278942
265308
254329
267499
260965
279459
277863
260457
278884
257058
388436
277086
281163
303086
277502
271233
275755
256999
277340
266521
296042
255097
293815
385807
279982
285860
275677
265197
286577
265652
256351
257612
269230
287951
257987
275021
256683
287721
262584
267882
394049
292284
288057
288182
269911
278640
291971
260375
260555
295229
260827
280031
396453
289057
291354
277809
267331
271710
267361
267581
283609
293566
276657
292268
281468
295804
282636
274348
268143
274929
278766
414791
308143
303905
297889
279573
297996
267032
297155
280004
281014
284431
294518
264519
267550
288636
409005
298370
298306
287112
272460
278023
277232
271584
292594
288180
274345
291302
280834
271764
272494
314184
415989
305258
321379
291241
280003
292982
279922
267314
286410
268824
270727
286676
288876
284632
496153
325865
327119
295252
297519
287952
274184
289340
284575
282986
301639
295805
443536
363715
387701
356907
341017
305139
323152
302793
302620
465125
344398
341413
311859
347537
293037
319761
301897
321637
290797
301813
293773
292051
294026
298965
297232
311930
325526
374562
302841
305391
303542
301759
407636
447600
324234
348893
312690
326372
305373
333248
299796
330708
319095
450496
330452
314801
307486
306597
323530
416392
308881
467666
354525
336251
331288
306272
342391
306883
311060
325113
337877
299918
448387
331590
366585
416894
429129
325540
308285
337308
344568
340670
313704
371125
326316
486407
367420
360764
339816
348802
337228
331065
346611
315077
324057
312756
480038
359654
343126
336997
315134
374068
315290
336694
316448
311944
468335
444648
457509
358201
429317
353301
359229
348029
355924
555132
419689
727483
514115
519678
475611
378169
544689
356434
391638
337878
365523
316983
515748
348597
345803
321029
519051
981203
357021
314235
335461
612983
459617
323415
343599
352808
354664
349694
381311
370447
374722
323094
697150
368971
341887
489956
359750
343320
504418
388042
361632
336089
438163
353261
869835
389192
361350
363940
7353201
409320
1866569
446103
1016000
391266
396651
414643
1134252
462542
573945
376019
368832
430076
615919
368466
756193
352952
369506
496216
376857
704560
351071
362233
561698
363913
366448
589098
347616
1135228
384970
396487
385960
368879
335688
958848
361856
338873
337252
361082
739060
389220
735978
342681
382598
440990
355626
992139
355275
376637
337784
1004127
616375
344838
454638
339977
697394
351932
346673
393777
409162
519747
366579
703681
394835
344351
681232
451748
371073
382632
702805
701674
373553
363789
1922861
356030
355749
793390
356910
408218
396723
350087
386825
689342
362181
356916
2005066
357686
368963
706007
404234
894525
427801
361095
459669
388033
441021
359988
359851
373791
365032
373585
616935
455428
468796
856361
758459
612529
582151
544237
379385
587243
386893
1029571
377114
737884
483820
393354
1224538
410660
731825
365709
350720
1353285
358249
405807
940085
973401
2574984
952071
2016591
447353
1655731
585321
677121
369490
2262764
395833
2484604
560463
1176598
410510
399732
416463
398026
411983
930271
377784
420153
532267
468568
467809
420718
459404
357871
364655
393652
376914
377326
370613
398914
407185
387976
425906
581567
489740
375180
370842
462522
396435
378358
370338
369308
368328
405217
389672
383435
403342
366787
401974
377806
425757
453110
1301620
396955
478122
590297
392217
428261
503963
395859
405603
2359417
423354
410945
387792
543675
427400
397203
429966
411791
379758
379570
355853
392883
671504
375562
435397
417973
427609
371468
522163
537737
535245
483766
1476858
423016
459861
606113
409370
577676
428166
458932
2465676
597943
612202
419876
416788
374493
388034
393148
407050
456713
389389
394309
389024
389919
2749386
2823426
1535411
1718322
862944
1817711
2145087
2337637
2292380
1894659
1816657
615103
1939187
2174913
1519707
618559
563071
1940741
4392749
419711
464083
1588039
1840468
2457315
1886864
2440727
2409097
1845798
1481578
417327
503107
397432
427687
426927
407984
427743
427898
384747
431820
439111
429387
1396540
1691517
421320
479704
421316
417654
395975
430187
400962
410174
404577
421537
1607901
1501239
498733
436545
434371
439616
410936
392035
436406
443085
439908
401641
526512
1934760
488087
1630906
2277142
2027280
553343
476760
477158
2757144
652244
678786
1830172
2570586
476677
954162
1533241
2012665
642453
2708894
3398420
2598490
1399083
424968
546406
464109
448227
467272
476723
572245
456200
422289
457246
448598
1922048
2123103
1807341
2309264
2686662
1650201
462577
640109
462792
455000
451293
570330
404316
447351
454915
451893
409619
407913
435459
420731
2060341
2579442
1566909
654082
477224
485798
3755258
2367727
533542
454114
813506
2514414
2122279
2208072
535510
453744
433032
463437
453861
462386
440269
600554
1752136
2423546
636605
503996
3079408
2265968
1897065
2356963
1958190
2549504
1801310
2121361
1586091
477015
559682
541184
430622
552906
463586
441085
438160
425725
454361
427167
418035
414180
464266
426831
456475
437638
424873
428802
435166
3220392
477841
445550
459474
2972955
2578833
2619758
2165367
762263
468297
481843
462345
2226444
476277
530088
446883
447965
552581
569958
442252
438880
558699
476755
477794
486544
733679
455991
496955
596140
474896
548270
463027
503160
459085
500241
3009804
2457961
2072422
1747839
494104
437752
435793
482375
436965
489546
451195
472078
460879
453010
446346
463852
498714
437036
469002
473078
15508585
472164
493656
461645
463913
478012
487227
452332
434645
438114
2224534
3174543
2881778
1645359
2314524
1812955
1993958
486708
525854
525138
461389
487232
481477
480804
525537
499537
495255
463230
434734
467652
487700
510241
838139
467800
493404
704896
499688
513603
502640
452179
457529
442816
467743
477920
507246
454840
503600
733559
504747
494848
456072
456251
460405
496917
721657
504540
497362
485536
471097
479215
468526
473355
475799
510751
481485
461868
831799
489578
492191
465802
492720
472497
457588
635177
521994
494667
455828
574892
455185
479125
570064
451589
682158
497454
495523
492350
481878
456117
456079
447886
461660
500868
501669
680158
499219
476156
454641
498331
458731
461793
501051
502450
470730
478560
451369
453581
688445
514611
508182
509468
459172
464448
469820
475163
473514
511892
509486
472444
457146
457247
494459
699970
510606
490319
499260
498908
4066143
464103
471323
469042
475731
476419
483682
480423
486703
488360
514492
472597
509665
476653
475919
461325
482677
470023
487600
478307
698006
507429
577701
510115
513843
516545
461635
480842
491597
478377
518780
621310
460529
763195
604913
620577
551519
562208
541533
615648
557989
525422
576174
604462
639436
539395
543036
611630
723939
615267
544046
758174
719250
645819
530333
555329
586416
495822
497900
532137
2958186
3483335
1421917
3036865
1867222
533472
2368313
1717458
3658550
2848946
606452
586651
923422
769410
3580390
2863383
2991017
797783
3108665
912588
782173
783764
3022114
2771409
2262520
774059
576157
545989
714001
501496
566859
782311
593433
558696
566799
511984
545628
571802
525850
502299
550783
556048
527060
506994
512908
558737
591092
604856
542948
555488
631840
504162
512424
561023
548935
511758
535491
796737
732284
569103
549653
541032
549795
2653191
2322900
781325
586362
575286
544169
534668
560621
515611
516065
520868
515393
514314
568777
620274
566043
514538
625389
543405
4442356
597989
596511
706863
632289
590705
593091
666693
559340
544616
658260
578413
516816
563066
548706
552745
544930
637073
617616
570384
524279
775287
916202
667993
800781
819135
629078
563985
558654
603158
850560
849428
523113
614456
2409583
677781
721341
616280
602120
521625
730709
560959
596083
630410
559444
618191
635737
573236
562589
615126
827485
568402
738011
743136
574262
689732
536259
566137
553892
556479
533461
577127
559682
566573
566793
617658
700649
770640
1139863
601461
571878
569287
567203
572090
744168
581069
695630
582143
882503
554361
567740
589649
627085
585843
603642
543931
562525
563435
595384
2038324
1295720
810586
700689
936186
1149569
924459
715482
832250
855869
1131120
687537
1128135
1266096
1277766
1126153
630210
539878
564580
585953
759936
577253
625550
645164
579717
582611
548085
641044
568751
547718
957044
606050
676738
598707
557000
953897
634788
958832
587652
590418
559471
610157
566327
894495
570186
715242
543499
571075
624354
579727
1760015
622370
629243
575593
589019
625063
722297
589164
554512
600672
915901
610160
814817
984124
725790
650422
758668
1327581
1977144
737451
618655
655665
809287
771350
705455
594351
882935
640369
579493
568837
587485
568280
557851
596776
594978
563728
592332
695678
672604
595065
760786
593581
766622
574409
608507
592568
609494
622341
562903
627202
### ASPECT TIMES:
96665
10461
73296
11759
8728
9070
8945
31655
11008
7839
9405
10774
7664
9847
8089
6321
7651
6191
7644
9194
9133
8501
8645
10276
13927
7816
51357
9510
6130
6928
6476
40093
44823
10967
6363
7207
7150
5862
5808
7710
5910
4911
8626
9203
4369
32256
12451
5857
6102
6155
5570
6251
5071
5855
8249
6693
6287
6389
6123
6102
5710
6648
6453
8384
6986
10014
6244
8910
6231
6422
6163
6588
8230
31524
52571
5814
5919
4092
8684
6195
5428
5150
7205
5308
4406
7901
4903
5269
6924
4299
5832
6341
3960
4845
4320
7225
5213
6584
6350
7485
6191
32757
7089
8478
7654
6466
6623
5526
4906
4725
34358
4091
4576
3963
8490
6199
6363
4538
4609
5336
4776
11103
4740
20364
4225
3812
5037
15015
27794
15777
3909
4840
5148
4122
5898
5963
6139
10061
5269
4945
5775
6395
4824
4953
4757
3954
5076
5252
5260
5557
16444
6096
5707
5662
4996
7110
4543
11524
5005
4086
4404
7070
4337
4453
4546
4193
5060
5747
9568
23051
4454
4602
4611
5170
4703
4788
8297
4772
4007
5372
5452
4468
4560
4134
4478
4145
4423
4046
3972
4223
4075
21392
7032
5975
5932
4444
4990
22627
4009
4728
4586
7593
5537
7012
5637
4568
4629
4288
4667
5021
5393
4674
4626
21421
5798
6338
5060
5128
5986
6156
6440
15516
6685
8783
5882
5776
5695
5070
6050
4970
5734
8099
7036
5274
5219
5725
5803
6980
7659
9169
5510
5727
6731
5320
5842
4898
5338
5495
5843
5350
5232
5905
6540
7301
4760
4618
8276
5190
4598
5706
4673
12517
8941
7659
6699
7843
7503
7812
7782
5995
5362
7946
8886
5232
19556
6064
10945
13389
8076
13956
8233
23568
6332
6620
9748
6113
9043
6369
8077
6538
6219
7191
6291
8610
6219
12223
6487
6871
7845
12393
6775
5740
5697
5614
5981
13030
10015
6220
6690
5583
5809
8693
5743
4675
5020
4582
4978
6150
5019
5098
5819
5164
6534
6012
5037
6239
5407
5573
5164
8329
5228
5984
5163
5543
5393
5659
5643
5101
5621
5808
5854
6254
7258
4741
5363
5235
5339
5206
5420
5243
5444
5440
5619
6639
9256
6699
6337
6030
5900
5666
14862
6316
6368
6290
5717
6131
6464
6028
7249
6329
5349
5288
5457
6457
7311
5736
8076
8133
7231
5566
5511
5812
5054
5705
9057
4989
5083
5661
5945
5610
4913
5964
5304
5659
8136
5834
5743
5266
5808
4996
5318
5387
5061
5257
5016
5173
5271
5614
6766
5686
5535
5335
8522
7006
6155
4693
8896
5788
4835
5602
5377
8558
9748
6669
5276
5305
5720
5851
5632
6047
10579
5710
10690
8910
13006
8974
6451
7042
10932
6117
5847
6770
6049
6850
7364
6672
6598
6834
6051
5040
5851
5701
5839
5787
5107
6605
7712
6170
5379
5386
5371
5039
5826
5740
5407
5686
9556
8247
5376
5758
9152
5205
8122
4957
6481
5972
5094
5616
21411
5912
5477
5430
5360
6584
6164
6508
6054
6052
6567
6104
5975
6172
5226
6672
6399
6477
7260
10601
9018
8029
27699
9358
5213
7838
9642
8214
8506
9525
10010
9982
10782
7358
6808
5762
6218
5288
5244
6326
5784
6327
5727
5676
6086
6108
5779
5102
5341
5471
8131
5116
5139
5680
6232
5602
5793
5456
6043
6266
10770
8072
5709
9584
6977
6245
5926
6090
6702
6678
5983
5120
6178
5895
5213
8240
8936
5573
5215
5828
5446
5964
5960
6028
9046
7093
7955
5341
9117
7392
6927
6064
6770
6553
5701
8576
6670
10192
6483
6676
6083
7415
7070
6698
5552
8329
6568
6793
6349
6165
6090
5916
5761
6105
9160
5911
6483
6423
8468
6803
15062
6607
5979
6221
6401
6440
6128
6379
6158
5934
6501
6403
6355
6330
6057
6575
8473
6953
6024
5536
6234
5503
5757
6186
5353
7880
5598
5810
5659
5498
5995
5481
6228
9946
7097
7107
7582
8749
8679
5456
5690
6871
7793
6138
5809
8070
6164
5989
5623
8134
5644
5764
5543
5553
5703
5842
5589
11469
5479
5054
6069
5695
5615
5537
8464
6725
6073
5622
5864
5698
7350
5621
6267
7751
7081
5884
6105
6683
5483
6450
6939
6043
6546
7441
7487
7241
6000
7068
6415
9176
11840
12085
10453
11587
10930
8686
10596
9265
8182
11804
12117
9236
8169
10408
65175
50611
11106
11097
10450
12816
11645
6275
11040
5287
5502
5989
10393
5663
6160
5893
57285
5599
5749
5848
5558
7937
5636
5574
7049
6170
7703
7160
7168
6283
6061
5951
5561
4747
29641
25310
5576
5794
5665
5956
6759
6492
6230
5631
5674
6036
18451
6396
6118
5497
5929
6673
7372
18681
9661
5721
5288
6797
5615
5822
32566
8148
8418
7270
6459
8267
6556
4872
5100
4861
4785
5735
5638
4995
5363
5630
6027
5865
6330
6327
7329
5811
5088
5281
5157
5771
4803
5611
5568
5744
6212
6703
7026
7037
7660
7279
5918
5227
5110
4801
13438
4929
4872
5220
5221
7150
8099
5098
5820
5425
32789
5265
5231
4931
5240
4920
9668
5817
5372
5363
10197
8254
47907
18523
5742
5580
42828
34688
37909
6032
5957
6489
6482
5698
10113
5544
8452
6287
6509
6290
10217
6050
12381
7366
5324
7465
5705
7660
5277
7357
7313
11379
9937
6187
40398
51620
7014
34214
43364
44723
43507
27401
23691
8050
6317
5984
6472
6283
5842
6278
6082
6462
5478
6721
6518
6578
6734
6157
6198
98172
43699
1052311
40440
19812
22654
26113
22164
6574
5915
6018
7078
7120
8279
11031
5864
12602
35965
3289
2990
3610
3237
3216
3255
3366
3842
4327
20509
4548
3904
3704
3586
3679
4017
3846
3260
3016
3626
5054
3831
4063
3801
3690
3466
4692
3729
4002
6260
3839
4176
4539
4411
4361
3401
3634
3590
3497
4013
3663
3477
4012
4138
3689
3541
3116
3127
3981
3381
3496
3945
4180
4704
3728
3585
3241
4221
3337
4511
4185
3694
5292
3257
3395
5602
3312
3597
3379
3150
3207
3245
3620
3106
3627
3080
4234
4097
3689
3652
3669
3248
3758
3786
4433
4020
7582
5864
4895
5816
17772
19606
26777
29040
24371
24797
26101
25943
4798
5215
3734
3974
3707
4307
3695
3692
3391
3319
6003
5193
3967
3652
3634
4041
3235
3829
3396
3522
4126
4013
3643
4548
5260
5093
3798
3892
4282
3809
3561
3616
3744
3802
3385
3135
3415
3428
4411
3859
3750
3671
4194
3703
4200
5195
3710
3360
3239
4242
3744
3355
4424
3398
3109
3180
3353
3558
3830
3487
3559
5134
4120
3332
3542
3305
3350
3174
3354
3235
3392
3649
3700
5014
3677
3511
3229
3275
3402
3924
3426
3785
3229
3567
3370
3813
3382
4591
3445
3205
3409
3085
3579
3269
3365
3150
3422
3772
4264
3890
3560
3550
3861
3255
3348
3189
3376
3524
4045
3431
3708
3907
3579
3964
4979
4497
4284
3830
3950
3455
3792
3710
5241
4560
4655
3672
3363
3363
3353
6142
3253
3788
3525
3684
3583
3587
3100
5061
3290
3666
3070
3298
3319
3520
3044
3326
4054
4109
3647
4665
4506
3301
3400
3508
2958
3613
3414
3239
3889
3972
12074
3562
3753
3614
3904
3686
3330
4880
4104
3479
3167
3080
3169
3492
3243
3327
3492
3214
4083
4249
3158
3436
3234
3126
3322
3685
3245
3708
3639
3242
3116
3464
4012
3884
3189
3420
3687
3232
5518
3537
3798
3397
3287
3376
3188
3388
3291
3605
3262
3805
3237
3765
3760
4075
3698
3385
3349
3554
3313
3390
3043
3646
3662
3341
3137
3973
3578
3327
3026
4614
3935
3743
3448
3517
3493
3375
3279
3340
3391
3068
3443
3590
4020
5233
3437
3651
3309
3867
3342
3446
3649
4687
3795
4792
3200
10299
12672
17357
3360
4079
3352
3305
3984
3679
5447
5052
4255
3480
3677
3357
3316
3683
4437
3403
3765
3939
3410
3220
3562
3562
3990
3649
4835
3948
4115
3641
4238
6092
4308
3437
3936
3672
3867
3483
3822
3487
4231
3823
5198
3511
3410
3267
3446
3381
7211
3995
4816
3651
3699
3594
3405
3180
3173
3420
4575
3791
4068
5377
4537
6147
4714
5964
3990
3989
4154
4455
3777
3826
5121
3470
5098
4311
3909
4027
3911
4052
4051
4892
3899
3864
4009
6485
3732
3474
3361
3173
5657
3505
3697
3699
3242
5491
5292
6158
5059
5649
5387
4529
3806
4634
5801
5163
7667
7836
6880
4395
5284
6515
4716
4971
4159
4210
2933
4970
3383
3358
3570
5865
6161
4328
3718
3825
64329
19203
1915
1686
1768
2825
2243
2319
2158
2587
1789
3431
2480
2014
2491
1905
1852
5458
2021
1986
1776
2898
1805
3375
2069
2117
2546
13665
2643
14557
2351
7580
6433
3873
1854
37969
21910
4806
2770
2103
2547
6234
1926
5640
1640
1823
4749
2664
5104
2059
3225
3738
2865
2304
3718
2271
6947
2182
2391
2491
1977
1935
4812
3604
2445
2326
1823
4563
2113
5808
1852
2305
2129
2423
5982
2083
1940
2021
7348
3382
2033
3532
2185
5342
2322
2435
2067
2760
4078
2376
6062
2736
2058
3947
4868
2359
2153
4490
5843
2122
2125
9199
1794
1912
3940
1814
4380
2397
2361
2669
4697
1991
2160
15115
2502
2296
4130
2247
7735
3690
2654
2954
2163
2230
1723
2035
2051
2419
1965
4928
3353
3179
4369
6078
4637
4193
4392
2420
3863
2049
3608
2166
6113
4063
2114
117435
2519
6429
2111
1980
5200
1648
2877
6355
4466
15463
5117
6501
2709
5141
12441
4944
2043
11986
2472
17486
5674
6468
2432
2081
1797
2374
2280
4901
1828
2366
2113
2687
2370
2322
2704
2470
1824
2505
2370
2766
2714
2467
2667
1883
2209
4315
3039
1885
2186
3462
1990
1798
1859
1891
1879
2104
5291
1813
2561
2212
2748
1901
2596
2856
10502
1763
3511
4327
1897
2006
4384
1720
2267
20223
2592
2340
1931
4043
2271
2294
2414
2333
1976
2320
2120
1881
4515
2205
2362
2615
2666
1894
7086
9549
15925
2693
9148
1804
2324
4633
2256
2639
2140
2348
4459
3620
2821
2668
2200
1865
2035
1905
2001
2815
2133
2276
2454
2804
60805
18198
47770
12502
4074
29369
18964
14183
15048
14023
13583
3789
13618
17000
4388
4080
4848
16741
18234
2497
3451
11508
12075
19251
10175
13975
19094
9369
14000
2221
2210
1680
2088
2275
2067
1896
2048
2065
2535
2404
2977
8688
8538
2240
1967
1882
2237
1778
2102
2324
2270
2647
2531
10751
8432
3001
2278
2166
1832
1917
2002
2053
2055
1791
2171
2848
14903
2626
16123
15540
11657
4446
2781
3014
20668
4449
4929
4415
21806
2700
13233
9079
11617
3480
18777
20751
21816
7797
2380
3235
3214
2248
3649
2620
3568
2743
2482
2454
2589
14229
13466
10717
18376
18615
13733
2333
3510
2440
2374
2163
3383
1749
2020
2286
2118
2337
2177
2660
2056
14489
16138
4843
4326
2550
2656
16438
13222
2967
2231
18014
21875
15761
11704
2659
2093
2241
2041
1935
2569
1842
3497
12526
23744
4113
3685
14114
17185
11368
16186
13899
18065
10846
11023
13726
2590
3409
2246
1986
3443
2405
2126
2417
2300
2195
2264
2266
2014
2145
1947
2476
2514
2233
2012
2580
20221
2612
2281
2712
17945
13288
15952
4780
5946
3021
2752
3176
13872
2078
2515
2180
2356
2050
2624
2026
1815
2146
2349
2440
2195
4152
2037
2361
3011
2213
3390
2081
2960
2400
2740
17902
17903
9636
8621
2620
2047
2190
2278
1918
2521
2055
2327
1958
2103
2047
2434
2705
2135
3130
2128
9986
2276
1980
2451
1871
2127
2326
1986
2284
2645
13180
18424
20114
11097
23774
12403
11075
2320
2430
2677
2687
2037
2762
2513
2440
2197
2034
1924
2327
2003
1942
2409
4564
2272
2717
2383
2185
2521
2513
2355
2065
2242
1920
2370
3192
2455
2307
3991
2076
2208
2164
2200
1940
2263
2835
2010
2233
2112
2284
2036
2108
2419
2636
2252
1945
1944
3350
2153
2234
1816
2098
2060
2234
4354
2757
2546
2056
2247
1928
2276
2122
2477
2760
2108
2083
2175
2042
1810
1938
2193
2003
2599
2348
2786
2097
1976
1884
2044
1991
1972
2043
2126
2165
2377
2365
1768
3226
2358
1926
2095
2038
1940
2030
1838
2022
2028
2403
3073
2532
2396
2411
3014
2316
2129
2030
2013
2830
1913
1839
1959
2044
1969
2037
2218
1959
2146
2997
2261
2575
2260
1832
2173
2429
2042
2026
2079
2625
2123
2514
2518
2088
1933
1976
1982
2251
2088
2129
1985
2266
29524
2411
2870
2542
2157
2042
2808
2520
2527
2909
3026
4056
2660
3380
4282
5776
2891
2189
3347
3335
2611
2946
2345
2952
2424
2283
3320
12189
16900
4258
16555
3314
2044
17294
10492
15565
15363
4025
3400
5420
5445
17431
16767
18828
3888
12157
4646
4168
4608
17785
26950
15465
38751
2616
2097
3246
2503
2683
2784
3174
2542
2270
2067
2454
2232
2434
2538
2249
2388
2953
2590
2713
2297
2424
4364
2079
2160
1955
1811
2023
2032
2480
2238
2626
3153
2980
2850
2380
2347
2484
13962
13376
2861
2086
2901
2216
2196
2288
2604
2722
2636
2272
1816
2251
2257
3247
2550
5467
4002
73553
10522
2428
2934
6808
2608
5281
6840
2451
2480
2550
2379
2242
8440
8078
8518
16729
7344
24880
2790
2025
5024
32426
2940
4462
4541
3353
2756
2023
2507
5312
5352
2155
2836
4997
3812
3902
3235
2589
2459
5742
2359
2733
2932
3082
4262
17201
2654
3410
2459
3876
2433
4889
3336
2566
3135
2437
2204
2287
2764
2463
2752
2220
2796
2556
2905
4336
4994
4990
2068
2265
2675
2256
2594
3274
2742
3068
2780
4502
2875
2282
2627
2666
2277
2765
2261
2905
2514
2718
16294
12973
4946
3497
5164
5629
4001
4901
4628
4083
6845
4473
4845
4153
10749
3916
2330
2113
2497
2472
3826
2196
2234
2346
2067
2344
2736
3157
3112
2236
5078
2622
2462
2075
2517
4435
4014
5077
2536
2631
2311
2767
2154
4695
2357
2979
1997
2203
2645
2723
8991
2880
3245
1981
2612
2621
3547
2141
2583
2628
4481
3163
3563
4929
3829
15108
3585
5477
4505
3510
4881
4290
3848
5306
4352
3935
2946
2851
2836
2381
2177
2361
2507
2853
2503
2393
2502
2973
3367
2817
3235
2498
4959
5545
2590
3093
3149
3014
2494
3063
