### GLOBAL TIMES:
9617252
3497930
2675956
2676299
3114589
3272344
2788536
4027201
2616459
5167861
2924034
4775755
3050127
3553986
2001135
2080874
1859312
2861952
2304491
2316073
1859570
1943939
1543643
2434947
2191183
1671014
2084057
1548259
1483048
1184455
2429264
2111943
1159428
1278976
1136947
1550751
1533254
1141756
1222806
1253250
1172476
1114613
1066385
1678868
1053609
1107940
977467
1190195
1032026
1151643
1102358
1077412
2085895
1291081
1290695
1185079
965864
1039381
1079199
1007431
1105280
1970426
1100417
1129348
1254431
1068976
1289806
1198720
1289865
1112895
1221821
1105451
1039107
1890151
1051814
1070063
1086510
1029262
972908
1752249
1069125
1220453
1290658
1003185
1006727
1216268
1014978
1041669
973876
992763
1069419
1037783
1082525
1858753
1303871
1286150
1198845
1673893
1337514
1352146
1339922
1272058
967728
1116277
1225926
1916043
1358071
1091915
993416
1047201
982505
1140707
1515970
1086060
1262740
1008161
1096882
976553
1430090
1570213
2013877
1299329
1113865
1226882
1240297
1764373
1327726
1779886
1255417
1262998
1373726
2019052
1174616
1137880
1120997
942450
1037421
1083147
1049510
1015376
1146897
1040711
1820173
1085109
1199417
1008032
1087228
990912
1331166
1377545
981204
1164487
984512
953310
3264680
1151027
1023255
1030866
1105404
1795115
1080349
1258142
1204169
1117186
1068715
1040215
1004522
985700
996223
1022388
1016993
1080910
1710543
1039917
1216645
959907
1225041
1049642
929776
927597
977428
1097420
1079150
943719
967621
1699512
1516938
1020652
1002603
1164965
987829
1022688
979851
1160719
1120108
1785584
1023997
1045220
1038559
963875
1023825
945511
946898
971404
939690
1136233
1057806
1186062
1015089
1925377
1552396
1203626
1119757
1061167
939682
1188929
950729
945309
988519
965202
988196
1186801
1053110
1056172
1027285
1066362
1477186
1116953
1276553
1141558
1159762
1615090
1419214
1591263
1486912
1119889
1634042
1491771
1341573
1107565
1112597
1058613
1019357
977622
3359815
1222967
1036636
1157733
1172196
1017829
1032327
1161630
1369052
1049025
1094866
1039708
2043721
1140309
1037890
998611
1160198
1071593
974048
1750804
1104880
1146575
1028739
935361
1005253
1022690
990629
1009401
977402
1485022
1137048
1268533
1298132
1087885
1042926
1057758
1134281
1068732
1355582
1032579
1031331
2290262
1310318
1402085
1412569
1528058
1194077
1168263
1473019
1335923
1125381
1141815
1091395
1161608
1143418
1525071
1157499
1262896
1311671
1070775
1271951
1090078
1125951
2231614
1630962
1217910
2049158
2061330
1917804
1533212
1868119
1891197
1773406
1642490
1228395
1623828
1243056
1236900
1258188
1363439
1810042
1327526
1134473
1224793
1203847
1076311
1233265
1190875
1301113
1149351
1143898
1107132
1094175
1615471
1287634
1310138
1180667
1243811
1010260
1114790
1003809
1711962
1941677
1101263
1139589
1218384
1130206
1354061
1669882
2027565
1797937
1706447
1579835
1121087
1276176
1098482
1092760
1182074
1151132
1219200
1246346
1121382
1030424
1152642
1127489
1028265
1622969
1153449
1316649
1210337
1147430
1088356
1030312
1081201
1237520
1160272
1136150
1121200
1478837
1242049
1371294
1142160
1192945
1173578
1204725
1230307
1068685
1185924
1207004
1068416
1033475
1067191
1170118
1525884
1182808
1287824
1301575
1309034
1057427
1054050
1279993
1092070
1091417
1030914
1508282
1223806
1167256
1081791
1226131
1156403
1180860
1157678
1117311
1225923
1171022
1235073
1048705
1084917
1087227
1048419
1510580
1580220
1535428
1185685
1219162
1128094
1323925
1200578
1150774
1151947
1160807
1088414
1182295
1113014
1926439
1260567
1332782
1217166
1318843
1065892
1136503
1028440
1205375
1168448
1235621
1204999
1543876
1328344
1330627
1200202
1049861
1044950
1107009
1155024
1079489
1070892
1111962
1073035
1061056
1819925
1287618
1324184
1127974
1314424
1099469
1070619
1070017
1073833
1234260
1077402
1165355
1851316
1165378
1222767
1199132
1360922
1211978
1291304
1191102
1079672
1081339
1105114
1089189
1248021
1687660
1174477
1455669
1401499
1128747
1415995
1603613
1618992
1267505
1280435
1173600
1597400
1230642
1182962
1194226
1178107
1120503
1252820
1090248
1479746
1342187
1091022
1216000
2556254
1304559
1310067
1340448
1211547
1302029
1083023
1172628
1251973
1201813
1139598
1663519
1181509
1263851
1136384
1178005
1189265
1152812
1250703
1936767
1266654
1383550
1420886
1304108
1104930
1134332
1598739
1283055
1311294
1278372
1153786
1695486
1203347
1312025
1276913
1201949
1205330
1207521
1301020
1133585
1289109
1429460
1128182
1651819
1237779
1240341
1158551
1146175
1124036
1152117
1152208
1201426
1849866
1314904
1211001
1178196
1113240
1202410
1293020
1133505
1301936
1169940
1652308
1259394
1264019
1250667
1245819
1314464
1173521
1128423
1187746
1168467
1215452
1253458
1189915
1168593
1643230
1231620
1238164
1248522
1155244
1187347
1265152
1133317
1780011
1379463
1253656
1229491
1280148
1852260
1250745
1329002
1195258
1220870
1303975
1231714
1312692
1392477
1162693
1186038
3098101
1272755
1339082
1226130
2048528
1244456
1351650
1338585
1360050
1877401
1368876
1295925
1279901
1277091
1240688
1800101
1308969
1270101
1315297
1235308
1191911
1235152
1367227
1755374
1323945
1285157
1263634
1203762
1400182
1284715
1422204
1400121
1305472
1183566
1396738
1244963
1779146
1335537
1279276
1215223
1860623
1325732
1330244
1225961
1277285
1197470
1275722
1224115
1227544
1768670
1328430
1369285
1306662
1440048
1236125
1207660
1286331
1285886
1325224
1204016
1200598
1664195
1312608
1279886
1272556
1341549
1216848
1381399
1279434
1213983
1198837
1260253
1412097
1756825
1293716
1390951
1366390
1393734
1234600
1270118
1274210
1259290
1209189
1325294
1266017
1833358
1438311
1321100
1306613
1418712
1188047
1900642
1376029
1392283
1319694
1213427
1333539
1257789
1233468
1302745
1306118
1230972
1812373
1305174
1336239
1287951
1278833
1312851
1299382
1399391
1773896
1320062
1366560
1252846
1274667
1292874
1264440
1290044
1961790
2056213
1316176
1227840
1334423
1276004
1222938
1428050
1353893
1282531
1289095
1325360
2054130
1423465
1314858
1236527
1195378
1181957
1354753
1267021
1269911
1316559
1726584
1273420
1282088
1287593
2312261
1337564
1200742
1263757
1189489
1239808
1315169
1311861
1328331
1786611
1368317
1422880
1423011
2904916
2145295
2017364
1358613
1716870
1510078
1262638
1313655
1240272
1313919
1232019
1254843
1317939
1974240
1339073
1308007
1273526
1270473
1296750
1904937
1293894
1366412
1186507
1320428
1226054
1246088
1722624
1310905
1337334
1195008
1329074
1174619
1143669
1218547
1357076
1719706
1271916
1330503
1311842
1767886
1402823
1307276
1301023
1377490
1269475
1239819
1854600
1358906
1287352
1213279
1269344
1244878
1175273
1249197
1271136
1227710
1818403
1426563
1412498
1655643
1814725
1218103
1258999
1318761
1857741
1309598
1340457
1229363
1271462
1186451
1223138
1269668
1722784
1336429
1380854
1254477
1395500
1194582
1385126
1223603
1848167
1335245
1361249
1422019
1335317
1451797
1431053
1328892
1218818
1285274
1235341
1217541
1255123
4910583
1183645
1336882
1330736
2589922
1800383
1409810
1382337
1485789
1405047
1334666
1305560
1510826
1242966
1313842
1332230
1388227
2129464
1453155
1387023
1347639
1255650
1419774
2135877
1452525
1470202
1408939
1404873
1246269
1373787
1379350
1441474
1425355
1878427
5419138
1356939
1542510
1305893
1446535
1482738
1386492
1469077
1379642
1874196
1338436
1436338
4640764
1222892
1407070
1363715
1422529
1270619
1321674
1911622
1412531
1344278
1367550
1334655
1308785
1260758
1409974
1326869
1331780
1335880
1282904
1349066
1804954
1413080
1486621
1484225
1276688
4849915
1432064
1285005
1296511
1321207
1396500
1295744
1452877
1307985
1842643
1429369
1474621
1343502
1280913
1278074
1349097
1282217
1458085
1487044
1314500
1330319
2089925
1378475
1348776
1354971
1289559
1261368
1283526
1375346
1373463
1840485
1412264
1469073
1346958
1404484
1396175
1293571
1367068
1473409
1937419
1564890
1425729
1458425
1337037
1432524
1409726
1348089
2021030
1594758
1500231
1341843
1335755
1367788
1865194
1458848
1396406
1386966
1322729
1312624
1437413
1360784
1472211
1910613
1430047
1595889
1528346
1420492
1378854
1333881
1395577
1411256
1405071
1901040
1462766
1422772
1400529
1429456
1379359
1515089
1465689
1322396
1455955
1968168
1505615
1434790
1998883
1494905
2158951
1537677
1482913
1470424
1440970
1354535
1315001
1344012
1332315
1330394
1440680
3737416
1767066
1574309
1512142
1441442
1390197
1522738
1429634
1971526
1526460
4988787
1359649
1427884
1369280
1419211
1457305
1390888
1977186
1450155
1465469
1536143
1483026
1418903
2151117
1510397
1547401
1477696
1322874
1371883
1462951
1349497
2040930
1528680
1357042
1397075
2125793
1427118
1440065
1379902
1332623
2106262
1508083
1529172
1428414
1326400
1381305
1384020
2037143
1420973
1415881
1421935
1632049
1434548
1955327
1459631
1509382
1465496
1369894
1390695
1377137
2108291
1408804
1461127
1373573
1376939
1899543
1468668
1392708
1456880
1338218
1418507
1531473
1474368
1353382
1397429
2896621
1470571
1385150
1330813
1298035
1319775
1393100
1332746
1316947
1399485
1436835
1360335
1455145
3426210
1569312
1449481
1463587
1512513
1337139
1396294
1469710
1402368
1365265
2410097
1558552
1452467
1424565
1393827
1410906
1356509
1459451
1397667
1353970
1378366
1381751
1388127
1924497
1452233
1474212
4981971
1334380
1466774
1389002
1356798
2092820
1555877
1484934
1460611
1352774
1454838
1446083
1572869
1566378
1575898
1409398
1912739
1493608
1493560
1520343
1520563
1554774
1410898
1441812
2103070
1472049
1490906
1430104
1400640
1655162
1599178
1445722
2128444
1489577
1434779
1503731
1424714
1525850
1467596
1559145
1447801
1433640
1468826
1388102
1569192
1456392
1392517
2326800
1562784
1485374
1475041
1390536
1592632
1545744
1449976
1987066
1558851
1505157
1523552
1489201
1453803
1461011
1372811
1423898
1517779
1460894
2104508
1664783
1511460
1618258
1459688
1445545
1406355
1405619
1495426
1568721
2396149
1525891
1463110
1490024
1470583
1391954
1379739
1548260
1432240
2048211
1545651
1525155
1492131
1471196
1501592
1451592
4993124
1425036
2139021
1528872
1505037
1450304
1445959
1379665
1503121
1513717
1502398
1499611
1373096
1501493
1465857
1384631
2040143
1506204
1502884
1633292
1420439
1506232
1527120
1525978
1392971
2084575
1496762
1505280
1970654
1520710
1492948
1558341
1513612
1433782
1487069
1489376
2062770
1521268
1505848
1518526
1485491
1589730
1510337
2170749
1618784
1536574
1478717
1537030
1484507
1595458
1413412
1514954
1481936
1533680
1483509
1533004
1875068
1446979
2091680
1574389
1524691
1508997
1565223
1423656
1453389
1418033
1528527
2108886
1680430
1487424
1457635
1434892
1547449
1434429
1537541
2263801
1525509
1573485
1552650
1471412
1519491
1989063
1577513
1588141
1531359
1511386
1446764
1550299
1456852
1466202
1406317
1528661
2145756
1570092
1532433
1577287
1439063
1438939
1486351
2114303
1565250
1521633
1682869
1509377
1565507
1430076
2125539
1490886
1530469
1439074
1481736
2117751
1563105
1540850
1649935
1717519
1586466
1546319
2060844
1612360
1539942
1529466
1529575
1455872
1492497
1474305
1547397
1551436
2053201
1616069
1568724
1512539
1707470
1555898
1637243
1669479
2150265
1576549
1596636
1767195
1597318
1685980
1579127
1671898
1518607
1741465
1605606
1574314
1510881
1486375
1512134
1686244
1630802
2156555
1593027
1746711
1676147
1546739
4920287
1612670
1536242
1527513
2685622
1738426
1714486
1770021
1596283
1551732
2542603
1715207
1538832
2168031
1730716
1689000
1645304
1583988
1584543
1538877
1670699
1629935
1624895
1523862
1623276
1625631
1736961
1582959
2091826
1620201
1717688
1614666
1634521
1625960
1645836
1517891
1599436
1551490
1586748
1605682
2085958
1631939
1730866
1662012
1679939
1712409
1624325
1527053
1670384
1698811
1720426
1605865
1623547
2440746
1641589
1654352
1646053
1581015
1657671
1683984
1562498
1538644
2041313
1646432
1644812
1701253
1600263
1563731
1657212
1538420
1560763
1686756
1767543
1604876
2242290
1724785
1653223
1660380
1534280
1559516
1550035
1683025
1543715
1550846
1619225
2131281
1643081
5313867
1566375
1588966
1671724
1649914
1641033
1592980
1628470
1763634
1659278
2137517
2318780
1767652
1751849
1701421
1607562
1654005
1581649
1654799
1604638
2142484
1734179
1776434
1586857
1554080
1617562
1682205
1554173
1562080
1646673
1596035
2233055
1656748
1645545
1681597
1610899
1707332
1681199
1639078
1668592
2163795
1691675
1741940
1681795
2214796
1847616
1657190
1634256
1644181
1660646
1600633
1665706
1604725
2141873
2051321
1865745
1755954
1596424
1750344
1640467
1772879
1752958
1616933
1699060
1778531
2000609
1701828
1673644
1687556
1767100
1982819
1830972
2161353
1698353
1792144
1698399
1595298
1574803
1678789
1590250
1565053
2135699
2014163
1744144
1632611
1646153
1618920
1673292
1624623
2413505
1736078
1596675
2403667
1814254
1647112
1659266
1743543
1702444
1595557
1742568
1576871
2309657
1733060
1767682
1716903
1624704
1610963
1734854
1708061
1601745
1753952
1744889
1777403
1781981
1681762
1645695
2162104
1796643
1858056
1739152
1685431
1647176
1794489
2151866
1766028
1687572
1708871
1606324
1746546
1710263
1705794
1688834
2298736
1695891
1706445
1692870
1536413
1659244
1705532
1738212
1622009
1779261
2259058
1671808
1740087
1578160
1553121
1710396
1652714
1620258
1780609
1692846
2268145
1677712
1608435
1606169
1689734
1576922
1564689
9977208
1928783
1757437
1759214
1773748
1674828
2253563
1692073
1735171
1673705
1568411
1642880
1681164
1586766
1652384
1561255
1554250
1687105
1638200
1820116
1597183
1771278
2328002
1709843
1657357
1632055
2245914
1853646
1746371
1667670
1752880
1690293
1573511
1654064
1679542
2567827
1716450
1873156
1744268
1647026
1751871
1645738
3099357
1774857
1705211
1574909
1638583
1715140
1649702
1650752
1684607
1634077
2484212
1873043
3082404
1725513
### METHOD CALL TIMES:
153688
52225
103290
27775
39111
39123
39939
97905
79092
55863
26038
39062
39197
43381
36120
41065
44908
51652
44629
45597
43544
40296
33335
43490
43858
41698
62863
37762
38831
66203
89005
48393
35594
34934
34967
55153
42529
38701
40415
44092
41587
36838
39777
51202
39451
39191
36220
39615
38400
43852
37906
39419
63243
45879
43827
44090
41164
42768
42363
41035
44633
67221
51982
51106
50408
52260
84079
96605
55181
52483
48589
85396
49975
58158
41714
50962
56591
39913
41741
62381
47283
63262
45179
52675
43903
56523
46700
45490
45546
45936
45495
46458
48588
120814
48867
46374
49434
57809
60911
52436
55061
54936
49249
57159
53980
57696
62819
53960
52655
53386
52033
71760
79300
68898
60869
59132
56713
56939
77097
78316
64786
56586
53559
53972
57692
59709
57175
131152
62113
61726
60358
77678
59009
59835
63833
54922
55545
65444
61528
59145
57043
55783
85056
66017
76922
64340
59247
60230
63122
67139
60571
60825
63758
63113
101459
61218
63467
65328
67666
99156
72939
69568
72913
71417
69053
65605
65571
66827
70695
76960
85706
84106
93122
69553
70101
68180
71122
66020
65610
65705
71949
70224
69505
68361
72020
98444
111880
77878
72024
78330
75100
76880
70605
78666
73685
100238
76448
88261
75395
81438
72909
71415
74068
74796
72034
71637
79106
86691
73876
113988
124337
77104
82614
73925
74560
80265
73177
74751
81133
74014
78843
80243
79017
75357
82348
79998
114160
86935
86863
84248
83257
126739
98098
100109
97250
89218
118535
111638
117759
86064
100267
80281
80104
77765
121525
87497
82219
80576
84949
89357
113955
99957
82104
81726
86829
85477
212715
94333
92392
91063
86265
87314
94721
120447
91483
91134
86272
82277
87799
83211
85185
92120
83986
162925
122696
112677
94945
91084
90803
92219
91657
92182
110517
94059
94043
138960
93515
90230
121162
87131
88329
102361
92635
89405
89252
87483
90054
114807
95161
129002
95003
97024
91345
101109
96560
96910
113527
153560
106358
103520
126194
119191
122279
113835
116129
114207
113667
112734
114600
125006
99281
102145
98769
164194
136498
101845
108177
99045
97880
92995
93825
93203
108601
95424
98069
102483
93860
141220
102370
104511
97610
103681
97030
117082
96212
108569
173388
108622
113495
104929
111363
112756
127894
128775
136569
144242
151285
113660
137328
116680
112142
103465
106121
104408
103745
104349
105486
105440
110995
104498
159854
112108
113519
107760
103192
114871
105256
112861
114608
106136
111111
104738
149916
117542
118000
105881
102819
122317
104941
106366
105983
110553
117261
111054
107358
114938
107473
161710
125496
122462
123317
122713
112964
112176
123741
113302
122420
109435
164123
121121
119140
117151
109303
114481
110355
110548
109547
109825
122797
111119
112507
114496
112217
112450
164544
119654
166503
125832
151042
118249
126630
147088
114455
118568
115999
116992
118680
116885
169389
124351
125874
119246
125583
115661
117724
123299
128822
114991
130146
147768
173695
127983
126708
124245
118780
115346
119722
124769
118665
121864
119462
117851
117860
181675
137080
134149
131183
135312
130314
126254
125366
124766
129001
133221
128033
181590
133772
134689
128192
135362
123758
134632
136300
121431
124737
123978
124860
136456
184235
138129
143106
136693
127809
180306
174132
158662
159343
138828
128162
189647
138318
140101
138540
127978
128708
139189
128484
151579
152676
126009
136001
223842
144564
143885
138740
226721
129988
131571
142866
139648
142338
133424
196831
142909
144966
136727
132818
133144
141238
143155
199331
144940
145910
145106
136295
134887
134003
197715
147913
149637
146060
147922
204416
150428
152831
150328
156259
151007
150640
173061
141739
145099
137266
139941
208344
153151
157929
145237
139325
146530
154401
140023
143113
211917
156177
156480
150190
143296
153682
158280
144707
152730
148995
216349
159243
162023
155081
152398
185850
145123
145380
157509
146986
159770
146167
150240
160687
215169
157874
161295
153845
146611
145255
163832
146972
226258
170428
164544
158788
164531
221550
166298
164547
158565
151999
172644
158453
152316
167925
151855
153196
217781
168435
161362
166009
227710
169114
168308
160434
167517
231132
183131
171093
163639
170345
177646
234611
173572
176489
176611
164002
160593
176753
161528
240986
176417
177878
177959
161055
185062
164280
166073
163562
162382
170945
176399
189113
240626
179105
178775
171315
247746
180883
181397
172649
175511
167937
173368
169197
168289
281981
185143
184866
185466
193928
174529
165940
178314
172059
169940
169993
171145
203222
176953
191332
179492
171241
180335
182773
194982
182666
175412
173822
189169
253228
189516
189795
179978
189399
172206
188930
173924
174297
179067
175256
173807
258969
190893
191340
184631
192640
176324
255536
190690
190545
183867
180385
174956
182886
176259
182986
187576
178097
261306
194817
195873
187463
195982
199174
188038
188319
266285
198188
199190
189240
197836
177990
179724
186687
215280
258300
190325
182846
189710
198247
185275
234371
207785
202627
183139
201520
277233
215374
205055
193840
187207
185316
220588
203538
190921
205824
278637
203077
207324
195014
186530
184635
188384
188423
188780
207271
197232
188788
208430
283341
206730
220040
205770
281828
261233
282604
211028
290182
288817
212131
203384
204768
218242
197993
215829
221734
293480
217072
218034
206780
223574
216970
293080
217045
216683
205474
216269
199833
218331
299900
220137
218360
210033
227433
200615
202112
211906
209963
301793
223901
223578
240536
305525
227420
262037
218998
235074
221267
219424
302160
222044
228080
214628
233968
224671
205274
214085
227012
207171
310487
229094
228502
229987
282013
208637
214940
215865
314646
229026
229814
218934
223336
213430
216239
216442
315903
230358
233126
223607
228514
214535
214256
221907
334882
236704
236560
234392
236098
242786
236926
226391
222260
238371
217427
226289
214777
218365
216008
235875
226435
328522
274243
228161
238346
218310
229131
228634
222072
226461
215800
213814
219515
240990
376882
246304
239768
233037
218644
250637
336480
249921
235207
244573
243446
221877
245016
249138
243494
239651
328831
267680
237744
227837
237602
303668
237925
217194
238059
222295
326713
240703
245842
231471
219554
221794
219168
221558
223428
230981
328299
241429
243597
232739
240608
234013
220932
229167
223808
244437
224426
221888
245009
334979
246931
247196
248220
223696
254862
225018
231857
242803
249844
222078
226188
251878
247880
340275
255287
253325
240164
229034
230140
240102
240752
245240
236684
231812
239562
338407
252309
268313
251352
235064
235970
231806
227354
232569
344786
266894
255829
244038
233485
263543
233384
236486
233597
348741
262152
256400
245132
242276
258437
235463
235457
353261
274533
254883
245865
248699
256986
357796
264003
292443
268460
245905
246707
254356
246020
267952
355574
265660
269372
264203
287895
254778
245638
259711
245310
248961
365456
265057
267174
260301
247733
262632
245489
255897
244092
321871
389950
288039
284583
333441
256776
365075
268415
274653
270862
268019
242241
241365
248220
247641
252151
271995
367501
271162
268438
260298
246043
254543
279104
270518
376899
274002
283098
249092
273420
250044
275737
247091
250528
375210
277716
284553
263082
253917
260752
380976
281560
280065
266714
259153
260771
258888
258340
385903
284055
282121
281256
384558
281175
281639
283424
276461
392551
286732
284563
288699
261057
294456
285658
396282
290723
285357
291826
334826
290938
408922
292891
301971
291020
290782
293658
294530
397040
294086
302125
296536
274864
395953
295086
294808
302307
273879
295284
290604
270821
288553
271408
398200
294451
287159
295377
265000
274275
277364
292575
276438
271853
278982
269021
285273
302069
303874
282275
275443
271471
273855
277523
287638
294200
294157
420179
300424
302080
309438
302328
304389
274107
284300
298832
283644
276858
297110
280341
414659
306319
305270
288226
272987
274429
296025
283815
425263
306651
315534
297260
288988
312225
350313
366192
312839
290536
284515
426149
317510
321132
295580
315003
316468
288818
310808
422840
310476
318530
296700
309710
309863
310783
299086
425332
313287
318114
314497
312583
314318
314152
316094
285988
290649
318870
302597
350067
303010
320456
521506
320690
303273
327526
292694
293032
321911
291901
441588
318365
327255
304271
324127
313537
286392
299315
299176
325919
317465
439459
326446
307608
348614
324119
311513
291019
293130
325011
307470
508356
322927
327689
321896
304288
299502
306053
301114
303649
444110
327609
339973
328576
328572
303616
298180
306788
299704
445067
328777
332788
314090
299400
301878
300591
328248
315279
315716
301966
305093
327280
303583
448783
333704
335431
317258
310405
303616
304241
331474
303790
454866
333974
358111
460571
337249
366198
334146
336386
306985
334619
322274
466083
340578
338103
324379
341950
375610
346401
467264
343314
340989
325824
336424
308354
318987
313544
326045
311597
315248
325892
332715
437071
310291
467859
344732
344868
326453
317093
316094
307871
315625
319849
477520
346832
355943
330735
316096
312968
314005
352183
482209
349618
359126
351716
327357
315694
539240
368057
356748
322709
317790
327757
317938
331637
333205
320072
350881
479217
360440
366347
339327
324892
328719
328191
509110
355582
340048
336953
335052
333214
314066
417922
330480
325703
324704
323512
490618
358213
369893
354602
381401
334167
355737
491595
360835
366967
351680
340800
333249
351316
334228
364180
331578
487466
359981
386206
346992
370518
366146
396076
341741
498404
366998
367852
348640
340174
338711
337600
359975
340643
403831
374174
370207
344156
338233
338954
340540
345111
511781
367957
371627
373351
365999
355347
358524
345266
335640
510450
375803
356258
338852
348715
343970
510890
378810
358384
518598
385960
380315
370203
354633
347053
355890
347945
359574
386375
348572
350491
349926
353677
378728
518271
381847
365033
369751
383658
364107
359192
350079
384963
353424
362215
386627
519675
388913
399863
376913
353952
369945
383012
348442
384360
372973
351872
361160
363236
524623
387010
382976
388744
352185
384958
387786
344358
373172
532824
394759
414496
382308
363501
355707
368806
367076
380375
359297
364691
366321
533177
394935
418533
375483
364620
375103
365397
366500
362841
366448
361365
535569
395511
397019
366312
364628
367888
361092
373325
358736
368150
400988
360561
452091
541472
399024
406952
408156
368744
372401
374758
370179
381371
547477
403647
380999
391742
371502
385317
402796
365757
371120
364447
371364
545445
400827
417961
387906
380153
404870
374581
377653
401343
572965
405387
421674
390687
546370
411995
411140
383341
396689
382414
374286
406610
376308
559237
454103
452074
402108
384411
437694
417046
381772
381506
383569
379030
420415
424392
417351
396622
375017
399192
398173
402270
559965
411029
389807
393350
376826
377458
418145
383764
376882
567365
564892
417889
399008
407071
389393
412011
396311
467531
392975
387697
572898
418381
399774
392869
421129
382000
384957
392959
386143
599882
430745
413732
407049
389089
391877
407676
422210
393563
390496
408952
392990
411365
413220
398070
577301
430744
445357
424396
393973
397706
389917
580611
428905
410809
420929
393674
420400
394850
409509
397206
581918
427720
427762
420862
393100
429462
406147
396011
394318
432660
593758
439670
416211
397657
399562
448615
436316
434949
401774
431217
594998
434802
414462
428268
437492
414096
406170
592885
463877
479632
444870
427793
413876
598710
439577
430357
420203
404147
442428
422683
401145
413619
421201
408020
411017
416935
451529
404255
501967
660725
448504
442345
423582
621198
443213
449712
446833
410949
411931
408233
405350
408869
613769
451003
449141
429823
410847
436994
415574
615795
450277
430680
409758
407384
427438
465601
416983
411124
436020
612835
452816
429382
417624
### ASPECT TIMES:
87263
9646
71490
6709
8860
8550
8915
36157
10999
7131
6061
10809
10472
9767
7330
8669
10116
8936
8040
8583
8388
7210
5903
8321
9146
7914
8860
6249
6368
34968
15537
10080
6290
6206
5917
8005
6146
5444
7768
6673
5466
4580
5085
7546
5482
5276
5101
5464
5448
6178
5880
6369
7904
5857
5555
5778
4986
5275
5100
5199
6076
9287
5685
5900
5663
5316
31862
48940
4962
4392
3836
39626
4234
6169
4560
5192
10957
4434
4252
7250
4406
5828
4299
4192
3924
4664
4302
4994
4381
4912
5030
4052
4228
6748
4789
4180
4633
6285
6869
4540
4560
5571
4152
5477
4686
5679
5218
5262
4830
5198
5554
6341
6830
4980
4998
4380
3967
4486
6866
7315
5182
4306
4400
4179
5104
5108
5285
47599
5975
5508
4954
6373
4083
4565
4985
4069
4165
4249
5488
5186
4058
5274
6541
4711
4794
4781
4599
4216
4779
5772
4244
4125
5691
3986
23119
4417
4405
4582
4837
6372
4867
4538
4679
4680
4501
4100
4400
4204
4478
4096
23372
18184
6445
5176
4865
4628
4456
4186
4245
4544
5014
4703
4749
4669
4474
19106
8497
4709
4377
4683
4328
4295
4343
4634
4977
6529
4771
19846
4848
4334
4862
4373
4633
4799
4485
4481
4700
5234
4765
6863
9279
4670
4260
4445
4542
4998
4253
4475
5198
4251
4796
5171
4535
4781
4656
4972
6539
4810
4700
4389
4350
7413
6085
6892
6115
4672
7083
6793
6063
5184
5454
4820
4948
4620
7400
5086
4907
5048
5405
4923
7556
5059
4863
5095
5404
4703
7831
6291
5792
5652
5078
5325
5001
7895
5824
5618
5566
5148
5507
6121
5492
6029
4952
7670
5789
5714
5797
5041
5545
5156
5063
5457
7239
5764
5170
7864
6220
5828
5735
5166
5409
5518
5404
5479
5802
6553
5234
5814
6502
7890
5758
6323
5660
6497
5714
6097
6398
8623
5860
5822
8958
8432
10630
6663
7261
6886
6657
6551
7108
7630
6401
6158
6169
65750
8096
5622
5638
5700
5455
5525
5348
5711
5896
4954
5277
5444
5635
7874
5906
5897
5055
5783
5696
5591
4940
5700
7541
5981
5684
5195
6167
5858
8678
7967
8356
8020
7893
6323
5881
6021
6247
5662
5578
5715
5683
5525
6558
6206
7052
6140
7735
6130
6214
5730
5620
6111
5476
6693
6997
5824
6493
5957
8153
6090
6454
5790
5425
5647
5565
5644
5596
6156
5259
6727
6114
6080
6623
8038
6094
5739
5690
5904
5459
5413
6831
5601
6123
5315
8664
6040
6097
5653
5376
5596
5870
5315
5209
5564
6131
5464
5774
5329
6176
5519
8644
6321
8704
6014
6511
5614
5993
6258
5751
6007
6385
5357
5941
5774
8209
5921
6063
5684
5984
6045
6252
5741
6855
5882
6130
6343
8337
5880
6221
6087
5603
5509
5649
5976
5800
5792
6359
6039
5857
8056
6063
5809
5690
6268
5422
5600
5639
5791
6206
6155
6237
7948
6091
6214
6324
5977
5793
6081
6617
5496
5613
6012
5847
6405
8939
6133
6006
5955
5717
8779
8053
8208
8102
6742
6709
7972
5726
6337
5931
5655
5557
5843
5619
11789
6393
5417
6120
9096
5996
6285
5506
34216
4057
4568
4823
4912
4197
4192
5741
4580
4534
4318
4362
4221
4314
4138
5780
4237
4173
4482
4580
4361
3846
5465
4629
4698
4720
4877
5774
4376
4494
4364
4196
4464
4297
4547
4683
4813
4025
3993
5994
4578
4760
4211
4351
4100
4285
4176
4636
6217
4586
4317
4399
4368
4199
4442
4076
5189
4277
5440
4560
4157
4309
4236
3949
4129
3997
4247
4612
4652
4423
3871
3947
5225
4369
4560
4787
4259
4341
4752
4260
5751
4596
4242
4157
4603
6148
4286
4223
4108
4193
4223
4465
4695
4950
4034
4189
4662
4303
4658
4226
5496
4126
4476
4806
4774
6231
4951
4833
4670
4793
4269
6026
4373
4349
4765
4711
4048
4408
4347
5348
4611
4517
4321
4222
5070
4655
4246
4360
4675
4183
4571
4054
5189
4533
4592
4043
5974
4797
4730
4401
4129
4578
4424
4099
4239
5428
4642
4198
4294
4383
4120
3952
4567
4299
4304
3982
4212
5189
4414
4501
4258
4272
4064
4590
27419
3941
3523
4021
4232
4810
4005
4109
3642
3755
3557
3795
4049
4277
4105
4266
4217
4626
3835
3818
4300
4308
3491
5181
3947
3814
3712
3468
4105
4435
4236
4278
4378
3742
5153
3794
4135
3913
3823
4144
4083
4003
4989
4110
3984
3917
3837
4033
4138
3553
4133
4115
3708
3659
3804
3930
3716
3921
4491
3952
4060
4049
5423
4454
4115
3778
3631
3477
5207
3842
4087
3701
4788
3677
3647
3497
3808
3493
4028
4420
4017
4266
4196
4400
4280
4509
3841
3934
4638
6018
5397
5215
4751
4864
4423
3811
3710
3958
4057
3966
4312
3778
5584
3852
3997
3934
3925
3994
5182
4269
4757
4500
4200
4120
3962
5131
3942
3754
3885
3843
3838
3490
4268
4506
5137
3937
3789
4944
5130
3861
3789
4273
4652
4177
4623
5435
4637
4145
3934
12307
4219
4248
4151
4280
3752
5052
3951
4174
4202
4297
3870
3732
4369
5240
3769
4046
3961
3732
3749
3774
3790
4677
3876
3959
3828
4356
3985
4240
3688
5661
4040
4113
3852
3823
3979
3666
3732
3647
3751
3746
3657
3976
3908
3799
4488
4293
5044
3717
3773
3911
3732
4159
3927
4231
3942
4355
4018
4256
3943
5354
4269
3958
4773
4085
4409
5258
4648
4236
4057
3800
3838
5074
4477
4287
4346
5010
4368
3893
3980
3717
4245
4257
4279
4178
4577
4646
3792
3819
3909
3854
4798
4531
4079
3940
3640
4835
3672
3918
4003
3885
3916
4326
4715
4136
4260
3503
3490
3660
5102
3737
3772
4333
3669
3947
3719
3633
3765
4012
4028
3915
4316
3874
5311
3895
3845
3949
3602
3709
4317
3635
4419
4313
4217
4471
4644
4988
12320
4065
4077
3620
3784
4684
4409
4937
4210
3939
3790
3883
3902
3892
4196
4583
5167
4237
4417
4745
4098
4398
4094
4218
5059
3891
3536
3505
3750
3760
5060
4152
3921
3582
3722
3725
3997
3898
3683
4645
4030
4136
3819
3607
3515
4254
4034
4582
4168
4642
4030
4157
3794
4148
4363
4219
4415
3854
3856
4511
3822
4001
5363
4281
4960
3517
3778
3845
3982
3738
3800
4245
3772
3601
3914
5197
3711
4471
3972
3653
3879
4194
3968
5551
3688
3834
3791
3844
3761
4757
4201
4181
4901
4189
4220
4209
4193
4206
5047
3789
3995
4702
3654
3752
4368
3576
5136
4059
3689
4011
4800
3745
3879
3894
4395
5167
4025
4032
4027
3829
10351
3826
5797
3783
3934
4504
4508
4265
6011
4197
4028
4080
3942
4155
3763
5395
4170
4801
3873
4275
4850
4004
3735
12397
3684
4092
4479
4130
3687
3568
4901
4085
3837
3798
3772
3786
4141
3939
3620
4679
4361
4396
4271
3713
5105
3722
3755
3633
3817
3681
4425
4081
4530
5097
3906
3899
3983
3746
3718
3724
4006
3740
3765
3665
4163
3699
5021
3958
4165
4032
3888
4485
4156
3701
5280
3889
3965
3871
3569
4350
4134
4401
5074
4432
3941
5748
3984
3815
3883
3950
4505
4041
3880
4936
4070
3888
4269
3771
4534
4080
3936
5334
4116
3985
3848
3882
3673
4112
4133
3812
3815
3679
3691
4203
3983
3590
5371
3955
3496
3883
3909
4423
4692
4010
4991
4023
4046
3757
4080
3881
3598
3739
3939
4625
3931
5074
3954
3778
4281
3709
3792
3848
3634
4692
4354
5471
3942
3850
3755
4447
3860
3739
4177
4337
4867
3971
4239
3981
3875
4642
3830
3806
3861
5174
4043
3879
3945
3679
3660
3864
3949
4259
4629
4087
4357
4268
3694
5605
4217
3798
3887
3715
3731
4279
4352
4464
4989
3880
4537
5003
3878
3849
4001
3831
3739
4353
3790
5045
3976
4171
3874
4548
5061
3972
5582
4301
3938
4004
4320
4467
4153
4652
4294
4302
4477
4472
4571
5614
3975
5209
4093
3903
3808
3740
3728
3872
3875
4495
4986
3952
3958
3780
3784
4534
3668
4411
5118
3800
3636
4458
3760
4225
60240
15033
1936
2057
1883
1962
2024
1951
2053
2305
2013
2988
5811
2414
1931
1968
2408
2100
2870
2169
2114
2093
2008
1997
1957
7568
2469
2579
2251
2072
2702
2075
2404
2721
2534
2336
2807
4012
1932
2051
2047
2135
1901
1867
1998
2085
1995
2569
1946
2120
1986
2520
2107
2839
2431
2810
2150
2288
2771
2516
2664
2424
3233
2024
2503
2016
2215
2147
2059
2226
2520
2555
2795
2143
2085
2029
2059
2004
2468
2580
1884
3167
2349
2081
2487
2655
2645
3023
2913
2199
3696
2386
2062
2360
2132
2160
2053
2029
2125
2006
2097
3179
2774
2445
2489
2906
2108
2212
2406
2080
2050
2187
1805
2244
2052
2872
2154
2866
2177
2054
2292
2040
1987
2022
2080
2588
2742
2427
2243
2036
2765
2215
2654
2532
3103
2915
2783
2496
2709
2882
2250
2240
2084
2172
1973
2054
2021
2267
2442
2470
2728
2938
1934
2274
2133
2065
2076
2211
2645
2394
2002
2636
3214
1911
2050
2112
2060
2005
2276
2316
1978
2293
2582
2769
3343
3783
2041
2182
2077
2121
2119
2667
2802
2220
3306
2168
2380
2023
2040
2457
2929
2496
2163
2801
2140
2875
1829
1940
1918
1989
1985
2590
2283
1949
3195
2441
2991
2305
2779
2363
2064
1978
2037
2074
2528
2650
2753
2988
2289
2214
2127
2084
2155
2101
2441
2548
2810
2512
2263
2555
2272
2095
2768
2779
3328
3380
2823
2128
2208
2325
2164
2073
2569
2125
1787
2713
2854
2100
1870
2109
2217
2340
1988
3773
2648
2190
3648
2424
1966
1947
2193
1984
1897
2055
1981
3022
2228
2330
2167
1914
1916
2669
2003
2075
2622
2541
2347
2537
2508
1999
3306
2315
2176
1930
2734
2246
3332
2703
2385
2327
2224
2266
2562
2675
2094
2173
2574
2457
1988
2429
1978
2092
2559
2752
3025
2740
2840
2009
2219
2111
2106
3268
2151
2534
2802
1994
2894
2091
1884
2051
2646
2837
1958
3464
2742
2931
3442
3401
3184
2728
1888
2117
2221
1920
2193
2093
2336
2588
2161
1978
2545
2742
3273
2331
1714
3424
2323
2371
2466
3125
2397
1996
2518
2641
2650
2583
2698
2659
3193
2476
2854
2662
2700
2530
2136
3076
2184
1894
2027
2134
2631
10413
2476
2334
2121
2851
2355
2764
3199
